0,y,r
1,40,1
1,324,0
1,106,0
1,104,0
1,184,2
1,144,0
1,385,3
1,143,0
1,221,4
1,144,0
2,459,1
2,63,0
2,103,0
2,414,2
2,101,0
2,381,0
2,40,3
2,183,0
2,342,4
2,105,0
2,110,0
3,40,1
3,103,0
3,262,2
3,223,0
3,141,0
3,40,3
3,104,0
3,458,4
3,145,0
3,182,0
4,40,1
4,104,0
4,495,2
4,184,0
4,105,0
4,376,3
4,183,0
4,379,4
4,259,0
4,340,0
5,40,1
5,183,0
5,416,2
5,183,0
5,221,3
5,223,0
5,617,0
5,40,4
5,145,0
6,499,1
6,104,0
6,104,0
6,262,2
6,106,0
6,496,3
6,105,0
6,108,0
6,339,4
6,184,0
6,183,0
7,105,1
7,103,0
7,414,2
7,102,0
7,106,0
7,40,3
7,63,0
7,499,4
7,341,0
7,63,0
8,416,1
8,107,0
8,499,2
8,145,0
8,222,0
8,40,3
8,144,0
8,40,4
8,143,0
8,144,0
9,40,1
9,101,0
9,379,2
9,143,0
9,64,0
9,418,3
9,184,0
9,536,4
9,182,0
9,105,0
10,103,1
10,340,0
10,418,2
10,341,0
10,66,0
10,40,3
10,142,0
10,184,0
10,40,4
10,222,0
11,40,1
11,142,0
11,40,2
11,259,0
11,222,3
11,301,0
11,341,0
11,223,4
11,182,0
11,185,0
12,260,1
12,223,0
12,299,2
12,181,0
12,143,0
12,40,3
12,105,0
12,222,4
12,104,0
13,380,1
13,105,0
13,141,0
13,145,2
13,141,0
13,40,3
13,144,0
13,184,0
13,303,4
13,182,0
13,104,0
14,40,1
14,65,0
14,498,2
14,144,0
14,104,0
14,40,3
14,106,0
14,219,0
14,40,4
14,105,0
15,40,1
15,185,0
15,223,2
15,107,0
15,381,3
15,141,0
15,414,4
15,184,0
15,181,0
16,40,1
16,106,0
16,107,0
16,40,2
16,223,0
16,262,3
16,100,0
16,458,4
16,64,0
16,184,0
16,108,0
17,40,1
17,144,0
17,497,2
17,63,0
17,141,0
17,341,3
17,103,0
17,222,0
17,40,4
17,260,0
17,102,0
18,40,1
18,144,0
18,144,2
18,616,5
18,40,3
18,102,0
18,378,4
18,144,0
18,145,0
19,40,1
19,103,0
19,573,2
19,104,0
19,143,0
19,40,3
19,145,0
19,460,4
19,106,0
19,102,0
20,181,1
20,222,0
20,454,2
20,103,0
20,381,3
20,105,0
20,224,0
20,301,4
20,143,0
21,532,1
21,184,0
21,184,0
21,454,2
21,180,0
21,538,3
21,141,0
21,101,0
21,302,4
21,181,0
21,141,0
22,40,1
22,101,0
22,574,2
22,141,0
22,64,0
22,40,3
22,64,0
22,40,4
22,146,0
22,138,0
23,40,1
23,102,0
23,300,2
23,145,0
23,261,3
23,143,0
23,457,4
23,143,0
23,101,0
24,144,1
24,143,0
24,536,2
24,144,0
24,102,0
24,223,3
24,105,0
24,575,4
24,181,0
24,143,0
24,64,0
25,40,1
25,105,0
25,457,2
25,101,0
25,142,0
25,422,3
25,105,0
25,497,4
25,140,0
25,184,5
26,40,1
26,63,0
26,40,2
26,102,0
26,452,3
26,185,0
26,105,0
26,262,4
26,101,0
26,105,0
27,40,1
27,63,0
27,538,2
27,65,0
27,65,0
27,259,3
27,106,0
27,106,0
27,263,4
27,184,0
28,458,6
28,65,0
28,104,0
28,142,2
28,183,0
28,224,3
28,144,0
28,145,0
28,40,4
28,101,0
29,40,1
29,103,0
29,342,2
29,104,0
29,105,0
29,40,3
29,143,0
29,263,4
29,105,0
29,63,0
30,223,1
30,263,5
30,99,0
30,144,2
30,181,0
30,458,3
30,101,0
30,453,4
30,102,0
30,100,0
31,65,1
31,64,0
31,145,2
31,144,0
31,456,3
31,103,0
31,103,0
31,340,7
31,101,0
31,107,0
32,178,1
32,67,0
32,66,0
32,182,2
32,67,0
32,341,3
32,103,0
32,499,4
32,106,0
32,64,0
33,40,1
33,104,0
33,262,2
33,146,0
33,380,3
33,106,0
33,143,0
33,103,4
33,105,0
33,102,0
34,40,1
34,102,0
34,340,8
34,101,0
34,575,3
34,105,0
34,105,0
34,300,4
34,144,0
34,378,5
35,40,1
35,101,0
35,419,2
35,64,0
35,64,0
35,40,3
35,63,0
35,61,0
35,40,4
35,147,0
36,40,1
36,146,0
36,378,2
36,104,0
36,576,3
36,147,0
36,144,0
36,420,4
36,145,0
36,65,0
37,40,1
37,105,0
37,457,2
37,302,5
37,140,0
37,40,3
37,66,0
37,456,4
37,66,0
38,616,1
38,67,0
38,65,0
38,539,2
38,66,0
38,60,0
38,40,3
38,102,0
38,260,7
38,103,0
38,104,0
39,40,1
39,103,0
39,219,2
39,60,0
39,496,3
39,103,0
39,105,0
39,40,4
39,104,0
39,104,0
40,40,1
40,106,0
40,416,2
40,143,0
40,300,3
40,104,0
40,104,0
40,261,4
40,102,0
40,105,0
41,40,1
41,103,0
41,377,2
41,105,0
41,103,0
41,534,3
41,103,0
41,102,0
41,185,4
41,142,0
41,104,0
42,221,1
42,141,0
42,573,2
42,337,5
42,99,0
42,40,3
42,106,0
42,179,4
42,104,0
43,40,1
43,145,0
43,63,0
43,40,2
43,458,3
43,105,0
43,183,0
43,225,4
43,145,0
44,145,1
44,106,0
44,455,2
44,61,0
44,102,0
44,416,3
44,65,0
44,104,0
44,263,4
44,140,0
44,101,0
45,40,1
45,68,0
45,183,2
45,104,0
45,533,3
45,64,0
45,65,0
45,143,4
45,65,0
46,418,1
46,62,0
46,104,0
46,183,2
46,104,0
46,340,3
46,65,0
46,61,0
46,300,4
46,64,0
46,101,0
47,40,1
47,145,0
47,377,2
47,63,0
47,143,0
47,106,3
47,144,0
47,259,4
47,105,0
47,180,0
48,40,1
48,104,0
48,537,2
48,183,0
48,182,0
48,421,3
48,141,0
48,303,4
48,614,5
48,143,0
49,40,1
49,145,0
49,182,2
49,141,0
49,379,3
49,64,0
49,536,4
49,146,0
49,103,0
50,102,1
50,65,0
50,460,2
50,103,0
50,60,0
50,576,3
50,65,0
50,61,0
50,496,4
50,101,0
50,140,0
51,257,1
51,65,0
51,224,0
51,40,2
51,136,0
51,535,3
51,144,0
51,183,0
51,264,4
51,142,0
51,144,0
52,260,1
52,101,0
52,263,2
52,104,0
52,262,3
52,144,0
52,380,4
52,100,0
52,63,0
53,40,1
53,100,0
53,379,2
53,65,0
53,574,3
53,65,0
53,376,5
53,104,4
53,66,0
54,182,1
54,63,0
54,62,0
54,261,2
54,61,0
54,572,3
54,63,0
54,181,0
54,418,4
54,142,0
54,180,0
55,40,1
55,183,0
55,219,2
55,260,0
55,102,0
55,142,3
55,99,0
55,258,0
55,102,4
55,218,0
55,141,0
56,40,1
56,535,2
56,100,0
56,142,0
56,102,0
56,40,3
56,183,0
56,40,4
56,222,0
57,40,1
57,60,0
57,222,2
57,63,0
57,380,3
57,59,0
57,62,0
57,180,4
57,65,0
57,63,0
58,40,1
58,105,0
58,141,0
58,40,2
58,63,0
58,219,3
58,62,0
58,416,4
58,62,0
58,62,0
59,40,1
59,64,0
59,62,0
59,40,2
59,64,0
59,40,3
59,63,0
59,103,4
59,62,0
60,374,1
60,61,0
60,65,0
60,222,2
60,64,0
60,492,3
60,62,0
60,141,5
60,100,0
60,101,4
60,139,0
60,140,0
60,139,0
60,139,0
