id,x,y
1,181,301|2,159,325|3,243,353|4,138,352|5,173,378|6,227,406|7,191,459
8,283,324|9,284,352|10,231,380|11,138,405|12,191,457
13,335,106|14,148,146|15,59,185|16,314,263|17,136,302|18,117,340|19,149,380|20,112,460|21,223,537|22,260,579|23,60,616
24,96,104|25,238,144|26,128,222|27,284,342|28,153,379|29,343,497|30,303,576|31,58,616
32,100,184|33,283,379|34,137,458|35,158,537|36,60,616
37,93,144|38,137,223|39,115,263|40,263,382|41,89,419|42,101,499|43,95,578|44,57,617
45,144,109|46,59,149|47,215,226|48,243,305|49,269,344|50,228,385|51,60,422|52,398,501|53,61,501|54,317,580|55,58,618
56,277,143|57,168,183|58,399,261|59,59,261|60,59,299|61,347,459|62,129,497|63,170,537|64,58,617
65,144,144|66,147,221|67,63,339|68,60,615
69,137,144|70,126,223|71,333,300|72,204,340|73,117,380|74,397,496|75,338,575|76,58,615
77,258,105|78,89,185|79,397,263|80,235,303|81,395,459|82,329,539|83,60,618
84,59,63|85,315,143|86,397,261|87,187,341|88,295,420|89,127,457|90,58,615
91,60,103|92,254,380|93,397,459|94,135,576|95,60,615
96,396,178|97,396,296|98,323,414|99,85,454|100,59,612
101,87,101|102,398,180|103,111,259|104,398,377|105,140,416|106,59,456|107,313,534|108,60,612
109,202,381|110,59,420|111,111,497|112,61,617
113,142,106|114,263,185|115,244,265|116,355,421|117,351,500|118,321,579|119,62,618
120,145,183|121,130,299|122,60,340|123,218,418|124,97,457|125,134,573|126,61,614
127,102,146|128,227,224|129,124,265|130,254,342|131,241,420|132,397,540|133,58,617
134,205,105|135,248,184|136,162,262|137,187,340|138,222,379|139,270,458|140,248,576|141,58,615
142,209,110|143,62,229|144,396,345|145,321,384|146,59,423|147,280,581|148,63,621
149,336,147|150,254,342|151,269,500|152,60,617
153,94,103|154,173,144|155,176,222|156,201,301|157,286,455|158,191,535|159,191,575|160,60,614
161,307,107|162,58,146|163,397,223|164,281,262|165,130,341|166,397,458|167,261,500|168,397,578|169,60,578|170,63,620
171,142,223|172,62,342|173,225,419|174,63,497|175,147,578|176,61,616
177,320,141|178,395,220|179,125,259|180,310,378|181,170,494|182,266,573|183,60,615
184,222,300|185,238,458|186,215,496|187,213,575|188,59,615
189,221,104|190,273,181|191,395,339|192,145,537|193,60,616
194,142,339|195,396,458|196,256,578|197,60,616
198,131,145|199,271,185|200,124,224|201,344,342|202,204,382|203,59,617
204,221,182|205,275,340|206,61,379|207,397,537|208,113,573|209,59,612
210,395,180|211,61,217|212,192,296|213,338,376|214,156,415|215,175,494|216,396,573|217,59,610
218,96,104|219,397,220|220,274,418|221,237,537|222,59,615
223,175,142|224,225,416|225,257,495|226,60,613
227,397,184|228,60,340|229,398,496|230,329,576|231,61,616
232,244,105|233,126,144|234,240,183|235,133,339|236,324,536|237,57,616
238,84,220|239,272,376|240,57,613
241,397,183|242,271,379|243,319,499|244,58,616
245,348,105|246,397,185|247,170,302|248,176,340|249,123,379|250,61,497|251,85,537|252,57,616
253,120,259|254,61,455|255,57,613
256,315,340|257,226,418|258,243,575|259,62,616
260,239,260|261,175,338|262,282,535|263,57,613
264,312,183|265,117,339|266,60,616
267,395,220|268,162,300|269,350,416|270,198,458|271,59,615
272,229,183|273,101,340|274,354,496|275,397,575|276,61,614
277,132,105|278,112,221|279,245,379|280,220,538|281,61,615
282,105,223|283,398,303|284,272,381|285,153,419|286,135,500|287,241,577|288,58,615
289,58,617
290,178,184|291,225,304|292,115,420|293,61,619
294,374,145|295,180,146|296,86,184|297,149,263|298,170,302|299,88,343|300,199,539|301,85,578|302,57,617
303,157,106|304,190,185|305,60,225|306,235,381|307,96,499|308,63,619
309,266,104|310,127,142|311,123,222|312,144,340|313,58,457|314,214,576|315,58,615
316,60,104|317,173,182|318,305,260|319,134,341|320,60,418|321,83,537|322,61,617
323,214,142|324,356,225|325,317,262|326,236,301|327,317,341|328,60,380|329,202,499|330,57,616
331,244,106|332,119,182|333,212,263|334,124,340|335,272,420|336,257,459|337,185,536|338,58,617
339,58,65|340,396,181|341,397,223|342,59,378|343,255,496|344,251,537|345,58,618
346,335,105|347,395,142|348,172,260|349,318,340|350,140,378|351,135,416|352,327,498|353,393,535|354,57,614
355,283,108|356,396,146|357,301,264|358,395,342|359,307,420|360,58,458|361,236,538|362,101,577|363,60,615
364,311,104|365,297,182|366,321,301|367,346,339|368,396,497|369,399,535|370,60,615
371,308,184|372,173,302|373,291,381|374,287,538|375,326,577|376,59,617
377,272,183|378,122,224|379,315,341|380,198,381|381,192,421|382,121,459|383,251,537|384,58,616
385,283,105|386,396,223|387,309,261|388,241,301|389,207,342|390,394,460|391,286,498|392,283,576|393,59,616
394,60,103|395,337,182|396,337,338|397,63,378|398,224,458|399,181,535|400,134,575|401,63,615
402,396,100|403,311,219|404,161,259|405,118,414|406,204,495|407,84,574|408,58,612
409,61,102|410,145,220|411,397,379|412,330,498|413,176,573|414,58,614
415,255,106|416,186,144|417,350,225|418,396,302|419,132,341|420,60,381|421,344,461|422,103,498|423,226,578|424,332,618|425,58,617
426,166,105|427,182,186|428,258,301|429,313,380|430,396,459|431,60,460|432,398,536|433,58,616
434,78,63|435,254,144|436,133,183|437,149,303|438,243,420|439,184,499|440,198,578|441,59,618
442,397,147|443,107,148|444,244,266|445,395,499|446,64,618
447,222,341|448,98,420|449,204,579|450,58,618
451,174,63|452,173,183|453,185,262|454,186,338|455,396,418|456,96,418|457,101,537|458,59,614
459,395,102|460,225,219|461,273,298|462,170,335|463,143,416|464,333,496|465,61,534|466,61,613
467,191,107|468,63,148|469,350,263|470,245,301|471,309,378|472,128,496|473,60,611
474,243,145|475,199,184|476,395,341|477,144,381|478,174,499|479,59,615
480,231,145|481,132,224|482,97,262|483,294,340|484,60,420|485,348,497|486,222,577|487,59,618
488,60,222|489,135,260|490,192,300|491,106,380|492,267,536|493,58,575
494,190,182|495,314,261|496,109,339|497,332,416|498,98,457|499,58,614
500,335,144|501,395,223|502,86,260|503,184,340|504,58,613
505,307,461|506,398,579|507,58,619
508,59,143|509,59,222|510,208,341|511,163,460|512,61,617
513,264,144|514,395,224|515,344,302|516,60,616
517,341,264|518,396,579|519,60,619
520,176,101|521,186,142|522,199,260|523,356,338|524,61,376|525,351,534|526,60,611
527,210,259|528,349,379|529,168,535|530,59,613
531,363,143|532,163,183|533,304,261|534,197,302|535,322,379|536,249,575|537,58,617
538,62,64|539,337,261|540,321,378|541,399,455|542,284,497|543,248,537|544,58,616
545,61,67|546,83,104|547,59,183|548,64,224|549,315,341|550,171,418|551,359,538|552,63,616
553,300,184|554,331,263|555,272,340|556,255,420|557,202,536|558,62,615
559,157,146|560,245,185|561,397,224|562,241,302|563,316,343|564,205,381|565,297,459|566,272,536|567,60,616
568,396,182|569,322,260|570,132,419|571,358,575|572,59,615
573,297,105|574,398,222|575,207,263|576,59,380|577,304,499|578,227,578|579,59,616
580,229,103|581,144,182|582,120,300|583,58,457|584,59,613
585,268,340|586,161,419|587,61,615
588,185,183|589,222,223|590,257,341|591,58,381|592,101,418|593,149,538|594,61,616
595,60,341|596,153,458|597,311,576|598,58,615
599,118,66|600,314,145|601,156,223|602,131,302|603,346,381|604,214,420|605,397,497|606,59,617
607,86,146|608,344,264|609,350,340|610,267,381|611,219,421|612,134,540|613,106,576|614,63,617
615,178,142|616,103,222|617,87,299|618,86,379|619,341,456|620,61,614
621,209,184|622,297,302|623,194,341|624,397,499|625,397,538|626,268,577|627,62,617
628,99,179|629,311,337|630,352,416|631,102,414|632,179,494|633,58,612
634,350,222|635,309,301|636,129,340|637,81,419|638,395,496|639,226,577|640,59,615
641,276,102|642,177,141|643,280,259|644,239,299|645,200,377|646,146,535|647,63,611
648,268,142|649,344,182|650,298,301|651,396,340|652,200,377|653,359,457|654,87,496|655,56,616
656,269,183|657,322,261|658,397,340|659,192,379|660,109,418|661,352,496|662,282,537|663,59,616
664,172,259|665,313,377|666,134,496|667,399,575|668,58,615
669,59,222|670,316,418|671,62,616
672,142,301|673,59,417|674,61,616
675,59,341|676,291,459|677,219,578|678,62,617
679,330,103|680,311,223|681,161,458|682,59,616
683,222,182|684,59,302|685,148,420|686,61,616
687,227,185|688,319,302|689,154,381|690,175,460|691,239,537|692,61,618
693,139,101|694,320,183|695,398,260|696,193,339|697,311,417|698,124,456|699,60,497|700,59,615
701,94,223|702,395,418|703,230,457|704,254,537|705,61,617
706,264,102|707,334,181|708,160,220|709,124,299|710,63,614
711,211,181|712,186,258|713,129,456|714,60,614
715,55,143|716,150,222|717,189,458|718,121,575|719,59,615
720,343,145|721,167,224|722,232,302|723,363,459|724,195,498|725,161,538|726,59,617
727,334,105|728,59,145|729,214,263|730,397,342|731,211,381|732,339,460|733,60,617
734,141,103|735,166,222|736,315,340|737,203,457|738,125,536|739,59,615
740,57,104|741,262,260|742,60,340|743,61,380|744,274,496|745,83,536|746,59,616
747,316,143|748,204,183|749,310,302|750,267,380|751,245,537|752,58,615
753,235,105|754,310,183|755,272,224|756,321,302|757,177,340|758,59,536|759,58,615
760,205,141|761,315,221|762,318,339|763,104,416|764,60,614
765,307,145|766,318,264|767,304,302|768,261,342|769,269,421|770,60,500|771,112,538|772,58,617
773,275,141|774,225,220|775,119,418|776,125,535|777,59,614
778,242,106|779,296,422|780,58,461|781,324,576|782,62,618
783,313,144|784,62,182|785,128,339|786,250,458|787,197,497|788,83,576|789,58,616
790,126,184|791,344,263|792,223,303|793,166,343|794,60,380|795,348,539|796,156,578|797,58,617
798,345,106|799,118,145|800,396,223|801,99,303|802,82,342|803,236,460|804,260,500|805,270,540|806,399,617|807,61,618
808,397,182|809,206,225|810,136,262|811,59,303|812,59,342|813,60,380|814,346,537|815,261,577|816,62,617
817,304,104|818,328,145|819,399,225|820,205,303|821,398,382|822,158,421|823,397,539|824,57,619
825,342,104|826,83,141|827,62,221|828,85,300|829,230,379|830,140,417|831,327,497|832,93,535|833,57,614
834,60,65|835,272,185|836,82,223|837,200,301|838,181,342|839,310,459|840,398,539|841,58,617
842,88,104|843,60,223|844,397,298|845,398,379|846,303,458|847,133,498|848,57,616
849,233,144|850,250,222|851,186,262|852,243,340|853,306,379|854,100,459|855,113,498|856,252,538|857,60,617
858,243,104|859,175,300|860,82,459|861,90,497|862,59,614
863,214,104|864,399,183|865,248,223|866,335,301|867,397,380|868,186,419|869,311,538|870,58,615
871,303,106|872,59,145|873,58,263|874,396,341|875,347,381|876,203,421|877,341,500|878,321,578|879,61,617
880,345,219|881,145,299|882,155,495|883,60,613
884,152,104|885,309,184|886,395,261|887,178,301|888,275,499|889,398,576|890,58,616
891,217,105|892,150,145|893,224,222|894,102,262|895,398,341|896,234,381|897,397,498|898,313,576|899,59,615
900,238,142|901,342,260|902,159,299|903,183,418|904,396,496|905,133,535|906,98,576|907,60,615
908,397,185|909,181,224|910,396,340|911,170,421|912,142,500|913,59,617
914,313,182|915,210,223|916,150,264|917,154,421|918,61,459|919,61,616
920,329,107|921,248,147|922,61,224|923,121,264|924,62,340|925,109,500|926,59,617
927,329,183|928,355,301|929,234,381|930,151,538|931,59,614
932,60,141|933,131,338|934,237,496|935,62,613
936,219,101|937,206,259|938,207,298|939,89,414|940,60,610
941,59,184|942,348,303|943,312,382|944,237,421|945,398,498|946,59,616
947,317,181|948,396,260|949,169,299|950,316,379|951,321,418|952,396,456|953,175,536|954,60,613
955,351,146|956,187,185|957,397,264|958,347,302|959,289,344|960,328,384|961,58,382|962,322,461|963,164,500|964,395,580|965,60,617
966,292,106|967,224,146|968,397,185|969,254,186|970,281,225|971,84,265|972,351,342|973,111,383|974,278,500|975,58,500|976,62,617
977,309,107|978,190,146|979,229,183|980,193,263|981,398,419|982,397,498|983,62,539|984,60,620
985,195,103|986,314,219|987,136,300|988,397,378|989,129,417|990,340,496|991,57,613
992,396,223|993,127,263|994,293,380|995,254,420|996,297,500|997,59,617
998,164,144|999,111,183|1000,59,262|1001,285,341|1002,60,379|1003,224,460|1004,221,537|1005,61,616
1006,300,100|1007,326,257|1008,61,375|1009,60,414|1010,174,493|1011,60,611
1012,59,104|1013,62,181|1014,121,221|1015,61,261|1016,312,339|1017,398,417|1018,106,458|1019,284,536|1020,57,575|1021,57,614
1022,127,64|1023,398,222|1024,60,262|1025,322,420|1026,396,499|1027,62,617
1028,257,184|1029,321,302|1030,237,341|1031,303,419|1032,338,457|1033,396,537|1034,217,576|1035,57,614
1036,140,108|1037,116,148|1038,398,226|1039,87,383|1040,250,539|1041,63,617
1042,329,145|1043,136,263|1044,395,340|1045,108,342|1046,313,420|1047,327,499|1048,135,537|1049,60,617
1050,306,144|1051,278,183|1052,203,223|1053,117,262|1054,397,378|1055,125,459|1056,61,498|1057,60,576|1058,63,616
1059,156,104|1060,104,143|1061,216,181|1062,338,221|1063,353,263|1064,398,299|1065,97,300|1066,263,340|1067,182,380|1068,300,418|1069,245,458|1070,61,497|1071,398,576|1072,106,575|1073,233,614|1074,61,616
1075,237,63|1076,87,64|1077,398,180|1078,344,221|1079,143,221|1080,289,299|1081,58,376|1082,59,456|1083,230,576|1084,61,612
1085,182,141|1086,108,180|1087,397,298|1088,210,377|1089,130,415|1090,346,495|1091,61,613
1092,155,144|1093,140,183|1094,132,223|1095,269,341|1096,271,459|1097,60,615
1098,139,103|1099,299,221|1100,218,380|1101,313,457|1102,62,535|1103,60,613
1104,335,222|1105,268,261|1106,325,340|1107,62,379|1108,159,459|1109,60,614
1110,155,181|1111,60,416|1112,94,574|1113,65,612
1114,61,260|1115,398,417|1116,317,496|1117,68,614
1118,61,102|1119,62,180|1120,61,221|1121,397,339|1122,331,417|1123,178,574|1124,60,614
1125,60,102|1126,181,222|1127,276,300|1128,339,340|1129,131,379|1130,202,536|1131,143,575|1132,64,614
1133,89,144|1134,243,223|1135,312,263|1136,271,303|1137,87,302|1138,61,340|1139,300,459|1140,254,499|1141,60,617
1142,173,144|1143,61,264|1144,293,341|1145,397,380|1146,61,380|1147,290,460|1148,336,537|1149,59,616
1150,397,104|1151,256,145|1152,143,184|1153,160,224|1154,83,264|1155,282,341|1156,318,381|1157,191,459|1158,131,498|1159,184,578|1160,59,616
1161,340,224|1162,322,301|1163,343,341|1164,189,382|1165,63,421|1166,308,500|1167,60,577|1168,61,617
1169,234,102|1170,318,182|1171,395,300|1172,139,378|1173,291,456|1174,305,495|1175,167,535|1176,61,614
1177,259,144|1178,319,184|1179,65,263|1180,293,341|1181,326,378|1182,276,419|1183,161,458|1184,322,576|1185,62,615
1186,175,144|1187,396,220|1188,266,262|1189,145,340|1190,156,419|1191,256,496|1192,262,577|1193,59,616
1194,195,145|1195,236,224|1196,306,340|1197,146,419|1198,186,499|1199,133,579|1200,59,617
1201,79,183|1202,298,381|1203,86,459|1204,299,578|1205,59,616
1206,119,103|1207,108,183|1208,110,339|1209,87,418|1210,109,496|1211,63,535|1212,60,614
1213,134,101|1214,61,181|1215,397,258|1216,261,299|1217,195,339|1218,397,416|1219,397,455|1220,174,573|1221,62,613
1222,245,104|1223,199,184|1224,191,223|1225,139,341|1226,156,460|1227,132,538|1228,112,577|1229,65,616
1230,281,143|1231,123,183|1232,113,380|1233,245,457|1234,190,534|1235,59,615
1236,62,111|1237,201,189|1238,397,346|1239,240,426|1240,110,543|1241,60,622
1242,61,145|1243,334,260|1244,130,301|1245,86,339|1246,94,419|1247,320,537|1248,58,616
1249,163,105|1250,60,145|1251,266,262|1252,191,341|1253,328,460|1254,396,576|1255,60,616
1256,318,106|1257,349,145|1258,102,223|1259,136,420|1260,142,537|1261,59,615
1262,303,102|1263,175,221|1264,283,379|1265,179,496|1266,61,616
1267,184,102|1268,170,181|1269,161,339|1270,301,457|1271,59,613
1272,397,222|1273,209,341|1274,157,419|1275,62,617
1276,394,140|1277,243,257|1278,397,334|1279,63,376|1280,93,454|1281,161,534|1282,60,613
1283,112,103|1284,153,182|1285,84,261|1286,208,339|1287,309,458|1288,95,496|1289,58,614
1290,395,144|1291,308,185|1292,209,223|1293,300,301|1294,284,381|1295,200,499|1296,58,616
1297,181,105|1298,229,184|1299,172,263|1300,201,342|1301,225,420|1302,189,538|1303,63,616
1304,138,224|1305,261,380|1306,397,537|1307,63,616
1308,186,103|1309,281,301|1310,397,377|1311,323,418|1312,64,455|1313,297,535|1314,61,615
1315,203,143|1316,294,262|1317,237,300|1318,315,418|1319,396,496|1320,85,536|1321,62,615
1322,309,102|1323,235,182|1324,63,221|1325,365,336|1326,59,415|1327,199,532|1328,59,612
1329,170,184|1330,307,302|1331,395,378|1332,97,420|1333,92,498|1334,62,617
1335,261,184|1336,353,301|1337,394,379|1338,145,419|1339,250,496|1340,226,577|1341,62,615
1342,313,181|1343,185,261|1344,273,377|1345,393,454|1346,61,616
1347,268,180|1348,86,260|1349,313,378|1350,355,455|1351,62,495|1352,61,613
1353,338,183|1354,310,223|1355,397,458|1356,328,538|1357,60,613
1358,398,141|1359,292,221|1360,90,257|1361,110,337|1362,298,454|1363,275,535|1364,62,573
1365,172,101|1366,266,221|1367,317,337|1368,197,456|1369,304,574|1370,64,613
1371,156,105|1372,220,144|1373,233,223|1374,266,302|1375,170,380|1376,191,497|1377,133,576|1378,58,616
1379,82,181|1380,63,260|1381,207,337|1382,83,457|1383,397,575|1384,61,615
1385,394,141|1386,315,299|1387,61,376|1388,126,573|1389,63,614
1390,104,105|1391,142,224|1392,126,302|1393,60,343|1394,171,421|1395,201,538|1396,101,578|1397,60,618
1398,218,101|1399,59,181|1400,251,260|1401,224,337|1402,395,416|1403,59,456|1404,320,535|1405,121,575|1406,58,612
1407,396,100|1408,341,140|1409,335,220|1410,116,261|1411,325,338|1412,398,377|1413,58,417|1414,334,495|1415,323,535|1416,172,574|1417,59,615
1418,318,141|1419,153,181|1420,291,222|1421,398,298|1422,325,338|1423,318,417|1424,320,496|1425,60,614
1426,59,64|1427,164,104|1428,206,182|1429,137,222|1430,229,342|1431,231,420|1432,309,539|1433,306,578|1434,58,615
1435,255,183|1436,56,222|1437,391,338|1438,321,418|1439,56,457|1440,56,499|1441,319,575|1442,53,616
1443,154,64|1444,153,102|1445,285,181|1446,319,220|1447,195,300|1448,64,339|1449,396,418|1450,171,418|1451,138,496|1452,57,614
1453,291,107|1454,276,225|1455,300,266|1456,397,343|1457,153,422|1458,62,499|1459,396,579|1460,63,579|1461,60,617
1462,275,146|1463,398,224|1464,247,262|1465,396,341|1466,138,380|1467,59,419|1468,239,537|1469,243,576|1470,60,615
1471,274,138|1472,138,219|1473,62,258|1474,59,376|1475,151,418|1476,367,536|1477,116,535|1478,59,613
1479,90,105|1480,244,262|1481,397,381|1482,287,420|1483,397,497|1484,261,537|1485,58,616
1486,62,102|1487,187,181|1488,317,260|1489,62,299|1490,92,457|1491,205,574|1492,61,613
1493,212,144|1494,139,182|1495,228,223|1496,289,300|1497,395,379|1498,59,379|1499,62,418|1500,62,536|1501,61,614
1502,343,145|1503,301,184|1504,282,303|1505,113,341|1506,122,380|1507,176,461|1508,397,538|1509,197,577|1510,60,618
1511,395,142|1512,357,183|1513,168,261|1514,396,339|1515,60,380|1516,330,499|1517,266,577|1518,59,617
1519,395,143|1520,129,186|1521,97,261|1522,58,342|1523,189,420|1524,61,459|1525,313,578|1526,62,618
1527,177,103|1528,259,144|1529,395,222|1530,394,301|1531,230,340|1532,116,380|1533,283,457|1534,397,576|1535,61,615
1536,316,143|1537,316,221|1538,149,261|1539,136,340|1540,62,380|1541,325,457|1542,118,496|1543,162,576|1544,61,614
1545,304,101|1546,120,141|1547,60,180|1548,232,220|1549,86,261|1550,321,338|1551,58,416|1552,399,494|1553,93,496|1554,61,615
1555,204,106|1556,214,144|1557,113,263|1558,108,342|1559,335,419|1560,250,497|1561,57,617
1562,352,143|1563,314,183|1564,310,260|1565,340,340|1566,203,418|1567,62,496|1568,59,535|1569,130,575|1570,57,616
1571,338,104|1572,303,144|1573,258,183|1574,60,262|1575,320,339|1576,62,381|1577,198,419|1578,196,457|1579,243,498|1580,60,536|1581,61,614
1582,397,144|1583,396,223|1584,353,262|1585,247,301|1586,308,379|1587,316,459|1588,397,499|1589,84,577|1590,59,614
1591,395,102|1592,128,143|1593,200,223|1594,211,261|1595,400,299|1596,65,340|1597,167,460|1598,242,499|1599,308,579|1600,58,618
1601,182,108|1602,204,223|1603,229,263|1604,62,304|1605,173,381|1606,243,461|1607,241,500|1608,287,539|1609,132,577|1610,63,616
1611,105,105|1612,229,145|1613,199,224|1614,165,302|1615,187,380|1616,98,419|1617,153,576|1618,63,615
1619,233,143|1620,122,222|1621,363,339|1622,334,416|1623,305,455|1624,168,496|1625,397,575|1626,62,614
1627,322,181|1628,267,260|1629,397,339|1630,349,379|1631,338,417|1632,324,535|1633,61,611
1634,119,143|1635,397,220|1636,261,339|1637,92,418|1638,394,536|1639,61,613
1640,60,64|1641,329,142|1642,83,224|1643,289,300|1644,180,339|1645,173,379|1646,58,457|1647,91,578|1648,62,615
1649,267,104|1650,59,145|1651,106,184|1652,106,265|1653,103,304|1654,395,382|1655,145,420|1656,170,459|1657,315,499|1658,397,579|1659,61,617
1660,134,105|1661,95,224|1662,294,342|1663,299,459|1664,319,577|1665,61,618
1666,100,105|1667,206,142|1668,143,183|1669,398,262|1670,147,261|1671,395,341|1672,211,457|1673,337,575|1674,60,614
1675,298,101|1676,396,260|1677,396,338|1678,305,378|1679,278,456|1680,398,535|1681,214,575|1682,61,614
1683,295,142|1684,397,261|1685,321,300|1686,180,381|1687,145,419|1688,396,498|1689,136,537|1690,330,615|1691,59,615
1692,94,105|1693,136,147|1694,94,185|1695,267,264|1696,106,422|1697,152,539|1698,319,619|1699,57,619
1700,396,105|1701,255,144|1702,296,183|1703,79,222|1704,149,302|1705,61,418|1706,324,538|1707,62,615
1708,212,182|1709,281,299|1710,142,378|1711,137,497|1712,59,614
1713,229,140|1714,363,220|1715,140,259|1716,196,298|1717,340,377|1718,252,494|1719,189,534|1720,60,614
1721,320,142|1722,193,184|1723,90,342|1724,342,535|1725,58,617
1726,307,104|1727,396,143|1728,249,184|1729,169,261|1730,301,340|1731,57,338|1732,242,457|1733,369,536|1734,137,575|1735,64,614
1736,60,63|1737,134,183|1738,212,379|1739,351,458|1740,172,576|1741,64,615
1742,281,146|1743,396,264|1744,110,301|1745,62,379|1746,100,418|1747,273,498|1748,336,576|1749,58,616
1750,102,102|1751,66,263|1752,195,345|1753,94,422|1754,322,540|1755,64,618
1756,177,179|1757,339,257|1758,156,295|1759,61,452|1760,60,612
1761,398,185|1762,397,264|1763,311,342|1764,133,383|1765,222,420|1766,289,460|1767,299,539|1768,60,617
1769,223,105|1770,394,145|1771,170,261|1772,360,498|1773,324,576|1774,57,614
1775,204,105|1776,358,185|1777,340,262|1778,231,301|1779,342,342|1780,177,380|1781,142,459|1782,141,577|1783,63,619
1784,154,101|1785,339,183|1786,85,220|1787,399,378|1788,173,417|1789,353,495|1790,305,534|1791,272,574|1792,58,613
1793,290,105|1794,267,222|1795,335,300|1796,95,340|1797,337,419|1798,225,458|1799,248,498|1800,285,537|1801,243,574|1802,60,615
1803,118,142|1804,160,183|1805,134,221|1806,167,260|1807,253,300|1808,246,338|1809,300,377|1810,320,415|1811,58,417|1812,129,456|1813,155,496|1814,278,534|1815,398,574|1816,58,575|1817,59,615
1818,61,63|1819,190,101|1820,256,141|1821,150,181|1822,175,220|1823,121,258|1824,323,337|1825,60,338|1826,398,415|1827,133,416|1828,175,456|1829,279,495|1830,220,535|1831,212,574|1832,322,613|1833,61,614
1834,134,67|1835,56,108|1836,220,145|1837,362,184|1838,117,184|1839,311,223|1840,138,223|1841,398,299|1842,196,302|1843,322,342|1844,275,379|1845,60,382|1846,82,421|1847,231,459|1848,63,460|1849,398,539|1850,62,538|1851,161,577|1852,261,617|1853,61,619
1854,98,65|1855,191,103|1856,198,143|1857,229,183|1858,268,222|1859,398,262|1860,143,262|1861,236,301|1862,327,341|1863,89,340|1864,258,380|1865,324,418|1866,110,417|1867,230,497|1868,179,538|1869,304,576|1870,60,576|1871,249,615|1872,58,616
1873,212,65|1874,339,102|1875,149,104|1876,130,144|1877,280,183|1878,132,184|1879,296,222|1880,62,224|1881,189,262|1882,295,302|1883,397,340|1884,133,340|1885,270,380|1886,60,379|1887,139,458|1888,304,498|1889,290,537|1890,85,576|1891,263,616|1892,59,615
1893,185,60|1894,338,100|1895,208,99|1896,300,139|1897,103,139|1898,126,179|1899,197,219|1900,300,259|1901,60,259|1902,397,418|1903,98,458|1904,102,497|1905,125,536|1906,397,614|1907,58,616
1908,157,106|1909,59,147|1910,318,223|1911,144,264|1912,396,381|1913,319,458|1914,62,500|1915,57,618
1916,273,106|1917,398,145|1918,86,143|1919,61,182|1920,167,222|1921,106,261|1922,152,301|1923,308,380|1924,159,420|1925,116,460|1926,221,537|1927,61,615
1928,205,144|1929,204,224|1930,108,263|1931,397,381|1932,59,421|1933,196,497|1934,61,577|1935,58,617
1936,398,184|1937,190,301|1938,61,341|1939,60,420|1940,259,497|1941,311,537|1942,335,616|1943,62,617
1944,257,104|1945,61,143|1946,130,222|1947,224,263|1948,263,301|1949,396,380|1950,221,420|1951,257,458|1952,163,497|1953,125,537|1954,102,575|1955,59,616
1956,120,65|1957,346,144|1958,396,184|1959,59,184|1960,159,261|1961,397,341|1962,259,419|1963,277,497|1964,321,577|1965,60,615
1966,253,104|1967,396,183|1968,198,222|1969,79,261|1970,334,380|1971,60,418|1972,291,535|1973,58,614
1974,200,102|1975,215,142|1976,236,260|1977,142,380|1978,60,455|1979,319,573|1980,60,616
1981,396,183|1982,221,300|1983,305,340|1984,244,380|1985,399,457|1986,321,498|1987,133,575|1988,58,612
1989,163,105|1990,125,224|1991,396,342|1992,241,421|1993,396,579|1994,57,617
1995,307,144|1996,122,185|1997,183,263|1998,59,341|1999,398,419|2000,314,459|2001,283,498|2002,311,577|2003,63,618
2004,397,145|2005,273,184|2006,60,223|2007,396,379|2008,396,458|2009,117,498|2010,146,538|2011,61,617
2012,170,105|2013,140,224|2014,399,301|2015,135,341|2016,346,459|2017,130,537|2018,293,578|2019,59,617
2020,79,101|2021,397,180|2022,397,220|2023,397,257|2024,281,298|2025,250,376|2026,397,495|2027,194,535|2028,397,612|2029,59,612
2030,272,224|2031,60,261|2032,60,300|2033,216,379|2034,183,458|2035,396,536|2036,62,616
2037,343,103|2038,61,140|2039,60,181|2040,61,220|2041,89,338|2042,308,418|2043,397,458|2044,353,538|2045,205,576|2046,59,613
2047,124,104|2048,283,183|2049,148,223|2050,343,302|2051,395,342|2052,149,419|2053,345,499|2054,190,537|2055,136,574|2056,59,615
2057,347,104|2058,187,144|2059,113,183|2060,321,261|2061,344,301|2062,247,379|2063,349,459|2064,251,497|2065,58,537|2066,317,615|2067,58,617
2068,181,105|2069,61,145|2070,60,183|2071,398,265|2072,170,264|2073,125,343|2074,345,423|2075,59,458|2076,101,538|2077,60,576|2078,59,617
2079,226,61|2080,331,182|2081,281,223|2082,353,301|2083,146,340|2084,234,418|2085,101,457|2086,339,577|2087,58,614
2088,333,143|2089,61,220|2090,212,300|2091,289,380|2092,223,419|2093,347,538|2094,288,577|2095,60,614
2096,120,104|2097,257,185|2098,190,263|2099,120,342|2100,142,419|2101,83,459|2102,160,536|2103,183,576|2104,59,615
2105,194,105|2106,97,143|2107,185,222|2108,58,260|2109,184,340|2110,223,379|2111,58,419|2112,303,496|2113,264,537|2114,167,577|2115,58,614
2116,78,63|2117,62,141|2118,272,222|2119,257,260|2120,157,299|2121,356,378|2122,159,457|2123,350,536|2124,165,574|2125,59,614
2126,62,142|2127,169,223|2128,58,301|2129,205,379|2130,197,459|2131,282,537|2132,229,575|2133,59,614
2134,57,65|2135,58,103|2136,219,184|2137,274,223|2138,338,263|2139,299,342|2140,60,379|2141,394,541|2142,58,580|2143,290,620|2144,55,620
2145,202,99|2146,90,139|2147,396,217|2148,140,217|2149,63,255|2150,196,335|2151,210,375|2152,198,414|2153,63,453|2154,63,529|2155,59,606
2156,396,144|2157,182,262|2158,209,380|2159,324,575|2160,61,615
2161,177,181|2162,171,340|2163,272,379|2164,396,459|2165,397,497|2166,271,576|2167,57,615
2168,327,182|2169,220,301|2170,104,339|2171,125,458|2172,239,536|2173,182,577|2174,62,615
2175,371,101|2176,290,143|2177,59,180|2178,153,218|2179,326,299|2180,111,337|2181,176,376|2182,126,454|2183,137,494|2184,202,535|2185,61,613
2186,208,101|2187,118,142|2188,271,220|2189,232,338|2190,264,453|2191,396,535|2192,158,573|2193,64,613
2194,218,102|2195,200,181|2196,60,259|2197,367,418|2198,352,497|2199,277,537|2200,169,574|2201,60,615
2202,327,100|2203,317,180|2204,345,220|2205,254,259|2206,230,299|2207,353,338|2208,95,339|2209,87,376|2210,395,455|2211,167,495|2212,255,535|2213,247,575|2214,60,611
2215,102,66|2216,396,144|2217,185,223|2218,87,263|2219,88,340|2220,359,420|2221,367,459|2222,57,574|2223,61,616
2224,122,64|2225,398,105|2226,329,183|2227,279,222|2228,199,262|2229,95,263|2230,324,340|2231,87,341|2232,330,380|2233,238,419|2234,267,498|2235,228,535|2236,363,616|2237,60,616
2238,368,105|2239,312,145|2240,61,144|2241,396,223|2242,228,263|2243,396,301|2244,359,342|2245,167,380|2246,180,420|2247,144,458|2248,281,498|2249,99,538|2250,58,617
2251,310,144|2252,73,144|2253,257,183|2254,395,263|2255,182,301|2256,163,341|2257,396,420|2258,186,458|2259,355,538|2260,182,577|2261,63,616
2262,61,62|2263,166,103|2264,280,142|2265,291,180|2266,240,220|2267,120,260|2268,181,300|2269,195,338|2270,163,378|2271,224,456|2272,309,495|2273,61,534|2274,60,574|2275,60,612
2276,97,103|2277,61,142|2278,335,220|2279,314,260|2280,371,300|2281,238,340|2282,301,378|2283,285,417|2284,278,455|2285,167,497|2286,214,535|2287,132,574|2288,60,613
2289,395,103|2290,99,104|2291,173,143|2292,102,182|2293,361,260|2294,350,299|2295,250,339|2296,90,378|2297,63,415|2298,233,497|2299,61,536|2300,59,575|2301,63,616
2302,133,64|2303,266,105|2304,208,143|2305,221,184|2306,295,222|2307,160,222|2308,189,340|2309,397,417|2310,286,458|2311,218,497|2312,171,536|2313,230,576|2314,63,615
2315,280,101|2316,325,142|2317,311,182|2318,193,220|2319,190,259|2320,276,299|2321,305,340|2322,329,378|2323,62,416|2324,60,454|2325,255,574|2326,63,613
2327,397,107|2328,115,105|2329,107,145|2330,265,184|2331,276,223|2332,312,264|2333,320,303|2334,61,302|2335,172,341|2336,294,381|2337,303,420|2338,102,420|2339,286,460|2340,186,499|2341,397,540|2342,166,540|2343,149,577|2344,306,618|2345,59,617
2346,307,100|2347,193,138|2348,59,178|2349,372,301|2350,145,301|2351,328,340|2352,60,340|2353,216,380|2354,168,419|2355,249,458|2356,346,498|2357,134,498|2358,262,576|2359,80,577|2360,61,619
2361,200,67|2362,173,106|2363,135,145|2364,123,184|2365,286,223|2366,114,262|2367,343,302|2368,139,301|2369,154,341|2370,104,381|2371,281,419|2372,94,420|2373,260,459|2374,151,459|2375,356,499|2376,264,499|2377,101,499|2378,367,538|2379,253,538|2380,136,538|2381,364,578|2382,258,578|2383,114,578|2384,254,618|2385,61,616
2386,239,66|2387,186,145|2388,63,265|2389,258,301|2390,320,343|2391,135,341|2392,249,379|2393,289,419|2394,397,458|2395,345,536|2396,355,579|2397,193,579|2398,243,618|2399,59,619
2400,94,63|2401,112,142|2402,113,182|2403,95,221|2404,199,262|2405,223,299|2406,358,379|2407,396,418|2408,124,416|2409,265,495|2410,341,536|2411,59,575|2412,61,615
2413,101,67|2414,361,144|2415,152,144|2416,328,185|2417,169,222|2418,220,262|2419,261,380|2420,317,458|2421,195,498|2422,178,538|2423,128,577|2424,58,616
2425,172,104|2426,178,144|2427,336,184|2428,104,224|2429,199,302|2430,183,341|2431,301,380|2432,321,419|2433,335,457|2434,344,577|2435,59,615
2436,278,103|2437,214,142|2438,301,221|2439,318,261|2440,60,259|2441,226,300|2442,297,377|2443,83,377|2444,92,456|2445,88,573|2446,58,615
2447,343,105|2448,395,146|2449,124,144|2450,131,185|2451,244,225|2452,190,263|2453,244,302|2454,61,302|2455,221,342|2456,395,420|2457,369,459|2458,364,499|2459,355,538|2460,289,577|2461,61,615
2462,140,106|2463,130,146|2464,63,186|2465,278,264|2466,397,303|2467,167,303|2468,350,382|2469,396,461|2470,150,460|2471,136,540|2472,355,619|2473,62,618
2474,64,64|2475,329,144|2476,64,183|2477,64,222|2478,363,339|2479,123,378|2480,348,458|2481,219,496|2482,201,575|2483,61,613
2484,62,146|2485,338,223|2486,321,301|2487,254,341|2488,396,419|2489,397,458|2490,195,499|2491,150,538|2492,58,577|2493,59,616
2494,345,104|2495,61,105|2496,347,183|2497,148,183|2498,130,222|2499,176,263|2500,161,301|2501,398,380|2502,203,419|2503,332,458|2504,58,458|2505,322,537|2506,125,536|2507,61,614
2508,285,103|2509,231,143|2510,290,184|2511,394,262|2512,204,303|2513,182,379|2514,337,458|2515,285,497|2516,226,537|2517,187,576|2518,64,615
2519,322,146|2520,241,185|2521,253,225|2522,296,304|2523,157,342|2524,270,421|2525,59,461|2526,177,539|2527,61,617
2528,308,105|2529,164,143|2530,59,222|2531,338,303|2532,313,341|2533,333,380|2534,321,419|2535,284,459|2536,82,458|2537,142,499|2538,227,539|2539,62,577|2540,61,617
2541,398,106|2542,61,107|2543,121,146|2544,135,185|2545,199,225|2546,144,266|2547,126,304|2548,86,343|2549,320,422|2550,301,461|2551,333,501|2552,396,539|2553,126,539|2554,112,578|2555,59,617
2556,346,143|2557,334,222|2558,395,261|2559,194,300|2560,327,378|2561,63,418|2562,58,495|2563,276,576|2564,65,614
2565,205,103|2566,61,142|2567,397,261|2568,396,299|2569,59,299|2570,221,418|2571,132,456|2572,395,536|2573,61,613
2574,142,105|2575,60,143|2576,59,184|2577,197,262|2578,175,301|2579,63,340|2580,313,458|2581,139,498|2582,59,538|2583,133,577|2584,62,616
2585,336,102|2586,60,140|2587,94,219|2588,227,299|2589,321,337|2590,397,377|2591,277,415|2592,127,455|2593,121,495|2594,157,534|2595,67,572
2596,395,141|2597,145,219|2598,58,256|2599,271,337|2600,61,612
2601,363,102|2602,349,142|2603,299,183|2604,91,220|2605,131,259|2606,264,378|2607,144,415|2608,63,456|2609,109,534|2610,60,612
2611,395,104|2612,149,181|2613,179,340|2614,129,417|2615,263,457|2616,94,457|2617,351,536|2618,63,615
2619,395,101|2620,395,221|2621,334,300|2622,127,339|2623,203,457|2624,63,497|2625,61,614
2626,396,143|2627,61,142|2628,396,221|2629,243,300|2630,258,377|2631,250,496|2632,146,575|2633,59,614
2634,399,105|2635,353,261|2636,265,341|2637,199,381|2638,363,421|2639,188,459|2640,251,537|2641,57,614
2642,145,105|2643,394,185|2644,110,184|2645,58,222|2646,341,302|2647,108,379|2648,115,458|2649,321,577|2650,63,617
2651,124,107|2652,336,182|2653,289,262|2654,260,300|2655,295,379|2656,346,458|2657,61,498|2658,179,574|2659,63,616
2660,135,144|2661,61,182|2662,61,263|2663,121,300|2664,62,340|2665,130,419|2666,207,498|2667,57,617
2668,260,181|2669,309,219|2670,161,261|2671,105,299|2672,134,378|2673,59,574
2674,276,98|2675,397,138|2676,192,138|2677,348,177|2678,106,178|2679,88,218|2680,127,257|2681,212,296|2682,324,335|2683,161,335|2684,211,375|2685,293,415|2686,59,414|2687,167,532|2688,335,571|2689,104,571|2690,63,611
2691,273,101|2692,118,143|2693,59,183|2694,216,260|2695,397,299|2696,170,339|2697,343,455|2698,395,496|2699,207,495|2700,62,614
2701,257,102|2702,315,144|2703,108,144|2704,270,183|2705,189,222|2706,320,340|2707,395,379|2708,395,419|2709,169,419|2710,130,459|2711,109,497|2712,275,537|2713,60,537|2714,333,614|2715,59,614
2716,162,64|2717,148,142|2718,174,182|2719,225,220|2720,257,260|2721,396,299|2722,111,299|2723,396,377|2724,307,418|2725,351,457|2726,353,496|2727,169,495|2728,289,536|2729,397,575|2730,133,574|2731,245,614|2732,60,614
2733,60,64|2734,125,103|2735,396,180|2736,307,222|2737,346,259|2738,115,260|2739,60,300|2740,201,339|2741,188,378|2742,291,417|2743,244,456|2744,264,536|2745,294,576|2746,61,575|2747,59,614
2748,338,105|2749,313,145|2750,272,183|2751,226,222|2752,289,261|2753,204,303|2754,325,342|2755,309,381|2756,191,419|2757,205,458|2758,300,498|2759,336,537|2760,99,536|2761,287,617|2762,59,616
2763,158,63|2764,59,143|2765,111,181|2766,265,220|2767,397,259|2768,119,261|2769,117,299|2770,181,339|2771,330,377|2772,339,417|2773,60,457|2774,396,535|2775,87,536|2776,336,614|2777,63,615
2778,91,61|2779,96,101|2780,155,140|2781,320,179|2782,141,218|2783,59,258|2784,86,296|2785,197,337|2786,287,376|2787,287,416|2788,276,454|2789,217,493|2790,333,572|2791,62,570
2792,396,142|2793,235,223|2794,397,300|2795,309,378|2796,298,420|2797,335,496|2798,396,537|2799,343,575|2800,397,616|2801,59,615
2802,234,147|2803,88,185|2804,255,264|2805,59,304|2806,181,384|2807,395,461|2808,58,461|2809,112,500|2810,96,579|2811,62,618
2812,183,185|2813,248,301|2814,356,382|2815,318,419|2816,277,458|2817,94,536|2818,58,614
2819,289,146|2820,335,224|2821,58,264|2822,61,618
2823,61,102|2824,398,337|2825,226,378|2826,223,575|2827,58,614
2828,60,104|2829,236,182|2830,61,261|2831,112,377|2832,118,457|2833,173,496|2834,59,614
2835,60,67|2836,222,182|2837,135,222|2838,229,301|2839,167,339|2840,278,379|2841,86,418|2842,91,498|2843,397,576|2844,59,615
2845,285,147|2846,63,303|2847,334,383|2848,199,422|2849,64,618
2850,202,144|2851,225,262|2852,61,614
2853,221,222|2854,99,341|2855,60,420|2856,397,577|2857,59,616
2858,265,145|2859,353,222|2860,240,262|2861,61,303|2862,59,380|2863,97,460|2864,346,538|2865,85,579|2866,63,618
2867,62,65|2868,396,141|2869,61,143|2870,269,221|2871,178,261|2872,210,339|2873,62,418|2874,59,496|2875,62,615
2876,395,145|2877,294,184|2878,314,223|2879,299,263|2880,356,302|2881,287,342|2882,174,382|2883,283,419|2884,189,460|2885,141,498|2886,344,577|2887,63,617
2888,395,105|2889,228,146|2890,152,182|2891,61,224|2892,145,301|2893,117,341|2894,132,381|2895,195,459|2896,126,499|2897,103,577|2898,60,616
2899,213,105|2900,396,184|2901,197,183|2902,93,223|2903,274,301|2904,180,341|2905,121,380|2906,223,419|2907,261,457|2908,286,537|2909,187,577|2910,62,617
2911,188,64|2912,108,105|2913,253,182|2914,293,262|2915,102,302|2916,357,379|2917,226,418|2918,396,498|2919,118,496|2920,360,575|2921,140,576|2922,61,616
2923,328,140|2924,317,180|2925,297,260|2926,309,298|2927,257,337|2928,153,377|2929,282,455|2930,179,494|2931,209,534|2932,64,574
2933,361,101|2934,188,101|2935,308,141|2936,273,181|2937,259,219|2938,301,258|2939,364,299|2940,87,298|2941,264,338|2942,337,378|2943,183,377|2944,327,416|2945,327,456|2946,81,456|2947,134,495|2948,217,535|2949,398,575|2950,398,614|2951,62,613
2952,212,66|2953,149,107|2954,207,145|2955,396,183|2956,398,222|2957,206,223|2958,346,262|2959,398,301|2960,397,341|2961,397,379|2962,209,381|2963,305,420|2964,62,419|2965,163,459|2966,260,499|2967,255,537|2968,343,577|2969,161,577|2970,265,617|2971,57,618
2972,171,65|2973,120,103|2974,258,143|2975,400,182|2976,347,221|2977,399,260|2978,240,261|2979,61,262|2980,282,300|2981,160,379|2982,298,417|2983,313,456|2984,351,496|2985,123,496|2986,307,536|2987,177,537|2988,399,575|2989,207,576|2990,61,576|2991,213,615|2992,64,615
2993,61,66|2994,214,103|2995,396,182|2996,255,183|2997,396,223|2998,249,222|2999,276,260|3000,62,261|3001,247,300|3002,395,340|3003,108,340|3004,261,378|3005,88,379|3006,189,418|3007,339,458|3008,141,458|3009,295,497|3010,125,497|3011,281,537|3012,100,537|3013,276,575|3014,333,615|3015,59,616
3016,193,63|3017,356,104|3018,144,105|3019,349,144|3020,180,143|3021,356,182|3022,199,183|3023,397,222|3024,206,222|3025,323,260|3026,148,262|3027,348,300|3028,169,300|3029,321,340|3030,148,341|3031,329,379|3032,201,380|3033,83,379|3034,213,419|3035,288,458|3036,101,458|3037,283,497|3038,59,497|3039,281,536|3040,139,537|3041,131,576|3042,336,616|3043,62,618
3044,184,67|3045,329,104|3046,169,106|3047,396,144|3048,82,145|3049,278,184|3050,285,224|3051,396,263|3052,245,262|3053,293,302|3054,101,302|3055,314,342|3056,106,342|3057,324,381|3058,176,380|3059,163,421|3060,313,459|3061,59,461|3062,211,499|3063,61,498|3064,170,537|3065,397,577|3066,273,577|3067,398,618|3068,61,616
3069,247,65|3070,114,66|3071,59,106|3072,230,143|3073,73,144|3074,204,182|3075,59,185|3076,266,221|3077,271,262|3078,63,265|3079,284,301|3080,64,302|3081,177,341|3082,397,381|3083,222,380|3084,310,419|3085,101,420|3086,86,458|3087,138,498|3088,203,538|3089,347,577|3090,281,617|3091,62,616
3092,243,64|3093,395,104|3094,239,104|3095,87,105|3096,60,144|3097,235,183|3098,198,222|3099,254,262|3100,59,262|3101,227,300|3102,61,302|3103,271,341|3104,152,341|3105,235,379|3106,343,420|3107,150,419|3108,293,459|3109,103,459|3110,321,497|3111,172,498|3112,174,539|3113,263,577|3114,60,577|3115,59,616
3116,180,66|3117,324,105|3118,316,143|3119,310,184|3120,114,185|3121,61,224|3122,131,263|3123,286,301|3124,101,303|3125,309,341|3126,102,342|3127,329,381|3128,178,381|3129,220,420|3130,397,458|3131,174,459|3132,268,498|3133,349,538|3134,116,537|3135,266,578|3136,108,579|3137,274,617|3138,61,617
3139,193,60|3140,313,100|3141,147,101|3142,330,138|3143,108,139|3144,285,177|3145,309,218|3146,119,218|3147,175,257|3148,278,296|3149,96,297|3150,296,336|3151,152,335|3152,350,376|3153,121,376|3154,308,415|3155,63,414|3156,225,454|3157,336,493|3158,117,493|3159,60,572
3160,141,103|3161,335,142|3162,282,181|3163,247,221|3164,202,261|3165,304,300|3166,114,339|3167,346,417|3168,136,417|3169,231,497|3170,272,536|3171,397,615|3172,65,615
3173,261,102|3174,395,180|3175,61,221|3176,346,298|3177,327,377|3178,397,494|3179,305,534|3180,221,573|3181,59,613
3182,305,103|3183,301,183|3184,84,222|3185,167,260|3186,177,300|3187,126,339|3188,182,379|3189,253,417|3190,62,418|3191,339,496|3192,237,536|3193,60,574|3194,62,616
3195,195,103|3196,60,141|3197,395,219|3198,272,260|3199,158,377|3200,85,416|3201,323,495|3202,341,534|3203,62,613
3204,223,104|3205,316,185|3206,188,223|3207,60,263|3208,126,341|3209,103,380|3210,318,459|3211,190,499|3212,276,537|3213,212,576|3214,62,617
3215,131,103|3216,118,145|3217,154,182|3218,396,260|3219,62,338|3220,218,457|3221,169,535|3222,62,614
3223,81,103|3224,302,182|3225,198,221|3226,147,260|3227,62,299|3228,398,378|3229,60,378|3230,117,417|3231,111,457|3232,88,496|3233,144,534|3234,164,574|3235,62,613
3236,209,61|3237,224,101|3238,321,138|3239,299,181|3240,127,219|3241,217,297|3242,164,336|3243,397,415|3244,82,416|3245,247,494|3246,352,573|3247,62,612
3248,60,60|3249,309,138|3250,396,217|3251,165,257|3252,61,297|3253,353,417|3254,151,416|3255,92,457|3256,300,575|3257,64,614
3258,218,104|3259,62,184|3260,62,262|3261,62,340|3262,101,419|3263,398,496|3264,397,575|3265,60,616
3266,320,103|3267,363,260|3268,289,299|3269,288,340|3270,359,418|3271,396,535|3272,61,574|3273,63,614
3274,337,105|3275,297,223|3276,173,262|3277,156,380|3278,396,460|3279,310,575|3280,60,615
3281,396,184|3282,319,261|3283,264,339|3284,244,457|3285,277,498|3286,61,536|3287,63,613
3288,65,104|3289,62,184|3290,61,302|3291,237,380|3292,62,419|3293,295,497|3294,142,537|3295,62,616
3296,304,104|3297,195,183|3298,61,261|3299,289,380|3300,397,497|3301,253,537|3302,63,616
3303,99,65|3304,122,106|3305,340,185|3306,139,224|3307,226,302|3308,60,342|3309,171,459|3310,153,539|3311,62,618
3312,209,106|3313,292,184|3314,273,223|3315,243,301|3316,395,381|3317,62,381|3318,89,420|3319,399,500|3320,215,540|3321,222,580|3322,60,618
3323,394,142|3324,260,220|3325,315,298|3326,278,339|3327,257,416|3328,286,535|3329,62,615
3330,167,143|3331,135,222|3332,160,300|3333,179,379|3334,231,498|3335,396,577|3336,61,617
3337,113,102|3338,213,183|3339,305,261|3340,62,300|3341,363,416|3342,329,456|3343,212,498|3344,153,536|3345,90,575|3346,61,615
3347,162,104|3348,61,183|3349,399,263|3350,397,379|3351,396,419|3352,247,499|3353,397,577|3354,59,616
3355,394,104|3356,185,143|3357,140,261|3358,330,340|3359,180,379|3360,207,457|3361,214,497|3362,296,576|3363,60,616
3364,400,141|3365,226,261|3366,62,299|3367,199,417|3368,293,497|3369,326,613|3370,65,614
3371,62,102|3372,95,180|3373,203,297|3374,395,376|3375,397,415|3376,396,495|3377,322,534|3378,63,613
3379,61,105|3380,152,262|3381,249,380|3382,111,420|3383,398,498|3384,267,538|3385,60,617
3386,397,183|3387,200,260|3388,312,338|3389,96,378|3390,256,457|3391,290,536|3392,60,615
3393,203,103|3394,205,142|3395,397,222|3396,397,258|3397,105,260|3398,104,338|3399,231,377|3400,98,420|3401,249,496|3402,150,536|3403,59,616
3404,247,103|3405,62,141|3406,60,181|3407,60,260|3408,172,338|3409,63,377|3410,365,498|3411,249,499|3412,219,540|3413,62,578|3414,63,619
3415,396,105|3416,346,144|3417,157,225|3418,120,382|3419,302,460|3420,398,500|3421,154,499|3422,396,578|3423,125,578|3424,61,617
3425,213,103|3426,284,143|3427,239,182|3428,395,262|3429,316,301|3430,138,379|3431,194,457|3432,235,538|3433,63,615
3434,191,101|3435,225,142|3436,187,221|3437,324,378|3438,89,417|3439,262,534|3440,163,575|3441,61,616
3442,145,103|3443,173,145|3444,128,185|3445,303,263|3446,163,302|3447,171,382|3448,60,459|3449,317,577|3450,60,616
3451,250,102|3452,83,143|3453,61,182|3454,338,261|3455,338,340|3456,334,418|3457,397,536|3458,398,575|3459,62,615
3460,398,105|3461,343,146|3462,187,185|3463,399,301|3464,179,341|3465,114,420|3466,395,498|3467,324,577|3468,399,617|3469,58,617
3470,366,142|3471,149,143|3472,319,182|3473,281,220|3474,281,262|3475,311,339|3476,60,378|3477,59,417|3478,93,457|3479,230,574|3480,61,614
3481,109,104|3482,319,184|3483,318,262|3484,261,379|3485,219,457|3486,299,537|3487,175,576|3488,60,616
3489,187,141|3490,142,221|3491,247,299|3492,397,376|3493,63,377|3494,171,455|3495,181,495|3496,122,574|3497,62,615
3498,281,141|3499,115,181|3500,174,260|3501,396,379|3502,339,495|3503,57,575
3504,367,101|3505,396,140|3506,87,180|3507,307,297|3508,94,338|3509,151,377|3510,121,416|3511,196,455|3512,292,533|3513,139,573|3514,64,613
3515,395,139|3516,397,219|3517,123,258|3518,177,337|3519,326,414|3520,246,453|3521,330,493|3522,164,534|3523,65,612
3524,297,99|3525,136,140|3526,269,218|3527,136,257|3528,393,333|3529,397,412|3530,395,492|3531,61,493|3532,342,570|3533,61,571
3534,198,143|3535,103,182|3536,202,221|3537,62,340|3538,302,495|3539,59,614
3540,63,106|3541,398,184|3542,275,262|3543,253,341|3544,306,380|3545,154,420|3546,345,537|3547,201,577|3548,60,616
3549,267,100|3550,284,179|3551,109,218|3552,135,376|3553,288,493|3554,60,533|3555,62,610
3556,113,104|3557,152,184|3558,215,262|3559,184,341|3560,322,419|3561,305,498|3562,62,537|3563,62,616
3564,141,105|3565,101,185|3566,341,341|3567,61,379|3568,62,615
3569,355,145|3570,395,341|3571,105,377|3572,316,458|3573,60,495|3574,122,536|3575,305,575|3576,61,614
3577,98,63|3578,118,102|3579,215,141|3580,247,182|3581,61,220|3582,146,337|3583,59,613
3584,131,183|3585,317,303|3586,62,577|3587,62,616
3588,397,182|3589,160,222|3590,349,301|3591,62,340|3592,188,458|3593,120,536|3594,168,576|3595,65,614
3596,239,105|3597,319,144|3598,398,184|3599,290,223|3600,274,263|3601,290,302|3602,63,341|3603,102,381|3604,272,459|3605,196,537|3606,63,617
3607,216,183|3608,291,261|3609,169,380|3610,339,459|3611,230,499|3612,304,577|3613,60,617
3614,220,108|3615,268,225|3616,123,265|3617,354,343|3618,59,422|3619,340,540|3620,61,619
3621,398,145|3622,397,224|3623,60,223|3624,61,303|3625,346,421|3626,270,462|3627,207,539|3628,61,617
3629,397,145|3630,81,185|3631,86,224|3632,397,301|3633,281,341|3634,60,381|3635,62,419|3636,397,498|3637,60,615
3638,142,106|3639,188,262|3640,62,301|3641,64,340|3642,286,418|3643,115,499|3644,60,537|3645,63,617
3646,341,101|3647,164,140|3648,233,221|3649,210,337|3650,127,381|3651,255,455|3652,80,535|3653,294,614|3654,59,616
3655,140,61|3656,311,137|3657,309,178|3658,313,218|3659,241,258|3660,62,294|3661,308,497|3662,61,536|3663,61,613
3664,395,102|3665,250,142|3666,92,183|3667,292,260|3668,170,340|3669,261,416|3670,398,536|3671,61,614
3672,242,180|3673,83,299|3674,396,416|3675,343,457|3676,62,457|3677,244,496|3678,63,613
3679,216,65|3680,395,103|3681,228,103|3682,346,181|3683,229,183|3684,150,223|3685,201,300|3686,265,339|3687,64,417|3688,59,496|3689,119,575|3690,63,613
3691,177,104|3692,268,219|3693,62,258|3694,342,339|3695,191,379|3696,181,457|3697,163,574|3698,60,613
3699,287,146|3700,239,263|3701,271,342|3702,277,420|3703,397,537|3704,60,616
3705,63,140|3706,367,265|3707,231,263|3708,89,265|3709,292,303|3710,136,302|3711,222,342|3712,285,381|3713,242,421|3714,109,460|3715,129,498|3716,301,578|3717,59,619
3718,397,101|3719,252,141|3720,95,181|3721,194,220|3722,349,260|3723,226,298|3724,199,339|3725,113,378|3726,148,416|3727,213,456|3728,309,535|3729,141,535|3730,282,573|3731,340,614|3732,60,613
3733,329,104|3734,396,143|3735,313,181|3736,261,221|3737,397,261|3738,266,299|3739,182,339|3740,155,378|3741,278,456|3742,256,496|3743,221,535|3744,250,576|3745,60,614
3746,107,68|3747,254,106|3748,304,146|3749,90,147|3750,397,224|3751,335,265|3752,258,343|3753,337,382|3754,330,419|3755,343,461|3756,336,499|3757,201,540|3758,149,579|3759,62,617
3760,141,65|3761,190,103|3762,292,142|3763,117,143|3764,259,183|3765,87,222|3766,189,260|3767,179,300|3768,288,340|3769,59,339|3770,260,417|3771,183,459|3772,396,537|3773,60,537|3774,394,615|3775,62,617
3776,342,104|3777,398,143|3778,108,141|3779,139,181|3780,173,221|3781,188,261|3782,135,300|3783,62,338|3784,398,416|3785,315,456|3786,62,496|3787,63,532|3788,61,574
3789,305,100|3790,189,99|3791,82,100|3792,316,139|3793,341,178|3794,112,179|3795,275,218|3796,318,258|3797,140,258|3798,217,296|3799,181,337|3800,398,376|3801,250,376|3802,60,376|3803,215,415|3804,312,453|3805,187,455|3806,396,493|3807,138,494|3808,301,533|3809,63,533|3810,104,572|3811,214,611|3812,60,613
3813,290,64|3814,137,65|3815,279,104|3816,61,104|3817,240,144|3818,278,183|3819,64,182|3820,256,221|3821,397,261|3822,214,261|3823,242,301|3824,317,340|3825,96,340|3826,240,380|3827,396,419|3828,223,418|3829,62,418|3830,294,459|3831,181,457|3832,396,497|3833,196,497|3834,398,536|3835,179,538|3836,320,576|3837,184,576|3838,288,616|3839,60,615
3840,235,65|3841,339,103|3842,192,105|3843,345,144|3844,174,143|3845,254,183|3846,122,183|3847,235,223|3848,62,222|3849,212,261|3850,352,302|3851,139,301|3852,251,341|3853,395,380|3854,123,380|3855,261,419|3856,63,418|3857,228,459|3858,60,457|3859,181,497|3860,334,537|3861,61,535|3862,223,576|3863,314,616|3864,59,615
3865,253,64|3866,96,63|3867,279,102|3868,87,104|3869,273,142|3870,116,143|3871,285,182|3872,105,182|3873,225,221|3874,397,260|3875,240,260|3876,61,260|3877,298,300|3878,164,300|3879,303,339|3880,180,339|3881,344,378|3882,216,377|3883,396,417|3884,223,416|3885,327,457|3886,61,457|3887,202,496|3888,396,535|3889,252,535|3890,62,614
3891,218,65|3892,60,65|3893,81,104|3894,250,144|3895,96,144|3896,289,184|3897,147,183|3898,314,223|3899,116,221|3900,217,261|3901,121,300|3902,274,340|3903,341,380|3904,126,380|3905,252,418|3906,394,458|3907,175,457|3908,322,497|3909,100,497|3910,242,536|3911,62,536|3912,244,577|3913,337,615|3914,62,615
3915,231,66|3916,61,66|3917,238,104|3918,86,105|3919,230,144|3920,396,183|3921,225,183|3922,397,223|3923,248,222|3924,98,222|3925,233,262|3926,87,262|3927,263,302|3928,61,301|3929,204,340|3930,397,379|3931,193,380|3932,346,418|3933,120,419|3934,237,459|3935,344,498|3936,139,497|3937,217,536|3938,286,575|3939,85,576|3940,251,616|3941,59,615
3942,275,62|3943,184,63|3944,59,65|3945,218,104|3946,172,144|3947,347,182|3948,195,183|3949,59,182|3950,276,222|3951,121,221|3952,305,262|3953,174,261|3954,397,301|3955,281,300|3956,97,301|3957,269,340|3958,90,340|3959,209,380|3960,59,378|3961,256,419|3962,115,419|3963,300,457|3964,161,458|3965,262,497|3966,109,497|3967,297,535|3968,397,576|3969,240,576|3970,61,576
3971,258,104|3972,58,103|3973,100,142|3974,58,182|3975,137,222|3976,60,260|3977,98,298|3978,398,380|3979,129,379|3980,89,418|3981,206,457|3982,234,496|3983,245,536|3984,315,576|3985,341,616|3986,60,614
3987,78,65|3988,108,104|3989,260,143|3990,296,183|3991,333,222|3992,243,301|3993,96,339|3994,397,497|3995,62,497|3996,62,615
3997,217,104|3998,396,182|3999,338,222|4000,397,261|4001,151,262|4002,139,300|4003,188,341|4004,184,379|4005,65,417|4006,121,458|4007,301,497|4008,89,497|4009,199,537|4010,363,577|4011,305,615|4012,59,615
4013,397,103|4014,296,143|4015,287,183|4016,57,180|4017,168,221|4018,183,260|4019,317,301|4020,108,301|4021,176,340|4022,315,379|4023,111,379|4024,258,418|4025,399,458|4026,186,457|4027,342,498|4028,135,497|4029,92,536|4030,62,577|4031,59,615
4032,122,65|4033,209,104|4034,360,144|4035,60,143|4036,117,185|4037,360,222|4038,237,222|4039,316,261|4040,94,262|4041,182,301|4042,202,340|4043,347,378|4044,85,380|4045,333,458|4046,396,497|4047,219,497|4048,398,538|4049,156,537|4050,320,577|4051,148,576|4052,261,616|4053,60,615
4054,272,61|4055,345,101|4056,395,140|4057,232,140|4058,61,142|4059,148,263|4060,84,302|4061,293,460|4062,397,539|4063,62,618
4064,174,183|4065,61,300|4066,398,458|4067,179,537|4068,60,615
4069,167,64|4070,308,104|4071,399,144|4072,216,144|4073,221,223|4074,60,262|4075,329,340|4076,63,379|4077,61,417|4078,97,497|4079,60,616
4080,61,101|4081,228,259|4082,396,337|4083,322,374|4084,201,415|4085,134,453|4086,221,496|4087,174,571|4088,345,612|4089,61,610
4090,104,104|4091,61,143|4092,60,183|4093,177,260|4094,292,339|4095,209,377|4096,122,535|4097,62,575|4098,62,616
4099,331,145|4100,298,264|4101,79,303|4102,294,382|4103,218,461|4104,222,539|4105,62,617
4106,318,103|4107,245,181|4108,184,222|4109,224,301|4110,397,377|4111,288,458|4112,151,495|4113,230,574|4114,61,614
4115,113,63|4116,396,140|4117,297,183|4118,396,260|4119,281,300|4120,303,339|4121,80,377|4122,105,417|4123,80,496|4124,176,536|4125,61,615
4126,397,143|4127,397,222|4128,61,221|4129,397,416|4130,298,458|4131,99,536|4132,60,615
4133,60,106|4134,366,221|4135,129,223|4136,338,301|4137,293,339|4138,323,457|4139,204,497|4140,63,615
4141,321,144|4142,82,185|4143,114,260|4144,258,340|4145,296,419|4146,131,457|4147,94,497|4148,200,575|4149,62,616
4150,266,102|4151,358,184|4152,90,181|4153,181,259|4154,130,377|4155,239,457|4156,267,495|4157,235,534|4158,63,614
4159,61,105|4160,297,184|4161,142,340|4162,277,459|4163,226,497|4164,64,537|4165,175,576|4166,59,615
4167,348,180|4168,144,258|4169,121,298|4170,184,416|4171,111,455|4172,324,534|4173,62,610
4174,396,103|4175,137,143|4176,396,261|4177,237,300|4178,160,339|4179,231,419|4180,86,497|4181,312,577|4182,64,614
4183,63,104|4184,255,184|4185,202,223|4186,119,261|4187,215,302|4188,309,379|4189,338,496|4190,61,537|4191,60,615
4192,314,103|4193,326,182|4194,184,261|4195,60,301|4196,60,341|4197,311,497|4198,122,537|4199,61,614
4200,328,183|4201,216,223|4202,207,261|4203,124,300|4204,151,340|4205,226,379|4206,309,419|4207,63,458|4208,337,536|4209,306,577|4210,60,616
4211,272,182|4212,183,221|4213,278,300|4214,324,338|4215,395,457|4216,109,497|4217,340,576|4218,60,615
4219,365,147|4220,194,146|4221,239,185|4222,301,225|4223,398,302|4224,96,343|4225,125,382|4226,123,421|4227,267,500|4228,314,581|4229,62,618
4230,348,141|4231,329,180|4232,211,259|4233,397,376|4234,325,456|4235,399,533|4236,183,535|4237,252,574|4238,63,614
4239,60,103|4240,397,223|4241,312,263|4242,268,303|4243,64,380|4244,312,459|4245,186,498|4246,395,578|4247,62,618
4248,265,142|4249,286,221|4250,136,222|4251,322,301|4252,321,380|4253,272,418|4254,133,457|4255,289,576|4256,60,614
4257,364,143|4258,258,222|4259,281,263|4260,226,301|4261,396,380|4262,226,498|4263,172,575|4264,62,613
4265,129,143|4266,62,182|4267,357,261|4268,205,378|4269,397,457|4270,172,497|4271,120,574|4272,59,612
4273,364,145|4274,304,145|4275,254,184|4276,278,223|4277,158,303|4278,396,382|4279,346,460|4280,77,498|4281,294,578|4282,69,618
4283,288,141|4284,115,182|4285,128,339|4286,104,455|4287,65,614
4288,399,141|4289,276,182|4290,62,261|4291,397,337|4292,319,417|4293,171,497|4294,60,613
4295,127,142|4296,60,222|4297,286,300|4298,353,379|4299,89,418|4300,395,498|4301,226,537|4302,182,575|4303,62,616
4304,185,64|4305,397,142|4306,145,143|4307,195,183|4308,347,262|4309,278,299|4310,158,338|4311,282,377|4312,131,417|4313,159,456|4314,295,536|4315,352,577|4316,63,615
4317,292,184|4318,122,222|4319,157,300|4320,118,419|4321,243,498|4322,141,536|4323,64,617
4324,197,146|4325,61,187|4326,369,303|4327,228,303|4328,253,342|4329,289,382|4330,215,421|4331,323,460|4332,398,498|4333,396,539|4334,247,579|4335,60,617
4336,283,103|4337,198,143|4338,130,222|4339,313,260|4340,295,299|4341,340,339|4342,162,378|4343,181,419|4344,267,496|4345,132,535|4346,149,576|4347,62,614
4348,59,102|4349,200,182|4350,237,221|4351,260,261|4352,396,299|4353,84,300|4354,63,338|4355,98,378|4356,82,418|4357,98,535|4358,63,614
4359,154,65|4360,337,145|4361,317,183|4362,298,224|4363,204,263|4364,144,303|4365,99,341|4366,165,381|4367,201,421|4368,216,460|4369,296,498|4370,145,539|4371,340,617|4372,61,617
4373,237,105|4374,153,145|4375,204,183|4376,278,263|4377,304,302|4378,191,341|4379,153,380|4380,139,421|4381,232,460|4382,214,499|4383,94,538|4384,61,579|4385,61,618
4386,334,103|4387,397,142|4388,395,222|4389,398,261|4390,254,300|4391,163,338|4392,157,378|4393,214,418|4394,256,458|4395,332,496|4396,318,576|4397,342,615|4398,63,613
4399,173,60|4400,315,101|4401,62,100|4402,94,141|4403,145,178|4404,321,218|4405,257,259|4406,340,300|4407,315,338|4408,288,376|4409,263,416|4410,396,496|4411,219,534|4412,251,574|4413,332,612|4414,65,612
4415,366,142|4416,217,143|4417,266,182|4418,85,182|4419,218,219|4420,299,261|4421,269,300|4422,231,339|4423,60,338|4424,148,378|4425,289,418|4426,397,457|4427,84,457|4428,212,495|4429,312,535|4430,397,576|4431,396,615|4432,63,615
4433,125,65|4434,249,104|4435,60,103|4436,199,144|4437,351,184|4438,100,183|4439,255,223|4440,107,222|4441,287,262|4442,77,261|4443,102,300|4444,153,340|4445,233,379|4446,341,419|4447,63,419|4448,260,458|4449,334,499|4450,96,498|4451,339,576|4452,397,616|4453,60,615
4454,155,61|4455,169,102|4456,236,142|4457,99,142|4458,341,179|4459,124,180|4460,339,218|4461,84,218|4462,133,259|4463,246,297|4464,393,336|4465,180,339|4466,397,378|4467,62,378|4468,194,417|4469,274,456|4470,122,495|4471,214,534|4472,254,573|4473,62,570
4474,374,102|4475,155,101|4476,246,142|4477,318,182|4478,354,261|4479,269,299|4480,136,298|4481,397,378|4482,358,418|4483,87,455|4484,61,496|4485,236,575|4486,62,615
4487,233,101|4488,139,140|4489,249,218|4490,396,335|4491,247,376|4492,396,454|4493,61,453|4494,305,572|4495,63,613
4496,347,140|4497,107,180|4498,309,258|4499,117,297|4500,62,337|4501,347,415|4502,298,455|4503,87,494|4504,341,573|4505,61,612
4506,399,103|4507,281,142|4508,398,219|4509,60,221|4510,60,257|4511,369,378|4512,121,378|4513,215,455|4514,322,573|4515,60,612
4516,85,65|4517,322,143|4518,231,224|4519,311,301|4520,195,380|4521,232,458|4522,184,537|4523,60,575|4524,59,615
4525,193,224|4526,128,302|4527,233,419|4528,397,497|4529,398,539|4530,60,618
4531,295,144|4532,206,183|4533,91,220|4534,127,300|4535,288,380|4536,155,498|4537,64,534|4538,60,614
4539,397,136|4540,396,216|4541,208,255|4542,300,333|4543,266,413|4544,307,490|4545,59,569
4546,107,103|4547,171,179|4548,282,259|4549,120,377|4550,316,416|4551,140,416|4552,134,456|4553,254,497|4554,305,535|4555,85,573|4556,62,613
4557,289,144|4558,178,184|4559,140,223|4560,254,379|4561,148,458|4562,215,498|4563,345,576|4564,64,616
4565,397,183|4566,274,222|4567,189,263|4568,195,300|4569,267,340|4570,365,419|4571,65,457|4572,320,536|4573,131,576|4574,66,615
4575,200,105|4576,112,144|4577,397,264|4578,266,303|4579,115,341|4580,338,421|4581,159,459|4582,143,498|4583,60,617
4584,240,142|4585,60,181|4586,252,221|4587,206,301|4588,120,379|4589,141,497|4590,85,536|4591,191,575|4592,62,615
4593,125,144|4594,179,301|4595,141,380|4596,120,419|4597,241,498|4598,61,616
4599,97,144|4600,167,260|4601,116,342|4602,139,380|4603,321,498|4604,187,538|4605,89,576|4606,61,614
4607,60,101|4608,200,299|4609,61,417|4610,321,575|4611,60,613
4612,62,263|4613,250,422|4614,129,499|4615,116,578|4616,61,619
4617,357,104|4618,62,143|4619,59,259|4620,154,301|4621,398,457|4622,311,497|4623,62,616
4624,322,184|4625,328,262|4626,62,340|4627,328,458|4628,113,498|4629,131,577|4630,63,616
4631,252,144|4632,210,182|4633,331,223|4634,347,262|4635,62,261|4636,286,341|4637,214,379|4638,353,420|4639,298,459|4640,89,458|4641,132,498|4642,199,538|4643,365,578|4644,397,616|4645,57,616
4646,311,105|4647,368,142|4648,140,143|4649,181,181|4650,330,221|4651,89,221|4652,397,301|4653,199,300|4654,361,339|4655,191,338|4656,215,380|4657,254,419|4658,308,457|4659,59,457|4660,105,497|4661,257,537|4662,397,576|4663,116,574|4664,264,616|4665,59,617
4666,241,100|4667,136,140|4668,331,218|4669,169,257|4670,306,297|4671,397,336|4672,77,336|4673,176,375|4674,175,415|4675,61,452|4676,299,575|4677,188,576|4678,63,577|4679,296,616|4680,156,615|4681,60,614
4682,284,63|4683,149,65|4684,372,104|4685,269,104|4686,115,102|4687,311,144|4688,151,143|4689,213,180|4690,398,222|4691,58,222|4692,222,261|4693,59,261|4694,170,301|4695,340,339|4696,177,339|4697,325,379|4698,347,419|4699,71,417|4700,107,458|4701,250,498|4702,399,537|4703,62,536|4704,398,616|4705,64,616
4706,209,63|4707,347,103|4708,157,103|4709,335,144|4710,119,141|4711,237,182|4712,305,222|4713,363,263|4714,158,261|4715,239,300|4716,351,339|4717,62,338|4718,173,377|4719,208,417|4720,276,457|4721,349,496|4722,116,497|4723,250,535|4724,309,574|4725,62,575|4726,66,613
4727,394,100|4728,184,100|4729,353,141|4730,129,141|4731,228,179|4732,317,218|4733,63,219|4734,399,298|4735,64,297|4736,343,417|4737,223,416|4738,110,415|4739,337,457|4740,205,456|4741,76,454|4742,295,495|4743,185,494|4744,361,534|4745,207,534|4746,392,573|4747,194,573|4748,321,612|4749,61,613
4750,188,63|4751,61,104|4752,222,142|4753,202,182|4754,303,221|4755,334,262|4756,317,339|4757,60,339|4758,156,379|4759,165,419|4760,286,458|4761,394,497|4762,121,495|4763,184,535|4764,246,574|4765,344,615|4766,60,614
4767,158,65|4768,313,103|4769,394,143|4770,124,143|4771,185,181|4772,273,221|4773,238,262|4774,62,262|4775,161,300|4776,326,340|4777,64,339|4778,142,379|4779,171,418|4780,238,455|4781,304,496|4782,281,532|4783,266,573|4784,60,573
4785,298,103|4786,126,104|4787,353,143|4788,209,143|4789,64,142|4790,299,181|4791,161,182|4792,62,182|4793,243,221|4794,62,220|4795,263,260|4796,117,261|4797,332,300|4798,192,300|4799,60,300|4800,259,340|4801,119,339|4802,266,379|4803,105,377|4804,307,418|4805,161,417|4806,349,456|4807,225,536|4808,95,536|4809,300,574|4810,61,614
4811,59,65|4812,339,142|4813,360,183|4814,227,224|4815,345,301|4816,342,419|4817,213,419|4818,397,458|4819,224,458|4820,361,498|4821,230,498|4822,397,537|4823,199,536|4824,395,575|4825,224,578|4826,62,575|4827,228,616|4828,63,616
4829,167,62|4830,397,102|4831,229,102|4832,94,100|4833,298,141|4834,129,140|4835,363,180|4836,394,220|4837,263,218|4838,133,219|4839,310,260|4840,131,259|4841,395,299|4842,171,297|4843,319,338|4844,154,337|4845,322,376|4846,137,376|4847,232,494|4848,316,536|4849,59,535|4850,184,573|4851,354,612|4852,62,613
4853,62,63|4854,112,104|4855,97,143|4856,254,182|4857,399,221|4858,61,222|4859,223,260|4860,367,298|4861,129,299|4862,320,340|4863,59,339|4864,186,378|4865,223,418|4866,350,457|4867,189,456|4868,286,496|4869,141,496|4870,153,535|4871,245,575|4872,398,614|4873,64,614
4874,150,66|4875,318,105|4876,161,104|4877,165,144|4878,288,185|4879,133,184|4880,150,223|4881,271,263|4882,395,302|4883,357,343|4884,113,342|4885,320,382|4886,59,381|4887,231,421|4888,286,459|4889,349,499|4890,140,499|4891,314,539|4892,57,538|4893,207,579|4894,232,618|4895,61,616
4896,158,64|4897,220,103|4898,395,144|4899,151,143|4900,298,183|4901,61,182|4902,353,302|4903,262,301|4904,161,302|4905,62,303|4906,239,342|4907,63,342|4908,208,380|4909,65,381|4910,113,418|4911,307,459|4912,66,459|4913,225,498|4914,396,538|4915,161,538|4916,309,577|4917,97,576|4918,243,617|4919,64,617
4920,276,63|4921,126,64|4922,312,104|4923,125,102|4924,309,142|4925,63,143|4926,245,181|4927,132,182|4928,250,221|4929,62,221|4930,99,261|4931,272,300|4932,101,300|4933,279,339|4934,323,417|4935,152,418|4936,167,457|4937,346,496|4938,396,536|4939,196,535|4940,266,573|4941,63,574|4942,61,616
4943,245,62|4944,331,103|4945,135,103|4946,308,142|4947,105,142|4948,277,182|4949,181,181|4950,349,222|4951,208,222|4952,395,260|4953,214,261|4954,396,299|4955,397,338|4956,212,338|4957,213,379|4958,397,418|4959,216,418|4960,394,457|4961,165,457|4962,323,497|4963,169,496|4964,345,536|4965,252,536|4966,394,576|4967,225,574|4968,59,575|4969,236,614|4970,61,615
4971,257,61|4972,395,101|4973,187,99|4974,318,140|4975,93,140|4976,234,178|4977,277,219|4978,64,219|4979,102,261|4980,293,374|4981,151,374|4982,396,415|4983,244,416|4984,112,415|4985,325,454|4986,191,455|4987,268,494|4988,341,533|4989,193,533|4990,60,533|4991,300,573|4992,181,573|4993,397,613|4994,245,613|4995,62,613
4996,240,61|4997,397,101|4998,204,101|4999,397,141|5000,228,140|5001,144,141|5002,339,180|5003,182,181|5004,344,220|5005,212,220|5006,357,259|5007,245,260|5008,138,260|5009,399,299|5010,294,298|5011,197,296|5012,399,338|5013,288,337|5014,154,337|5015,399,377|5016,315,376|5017,192,377|5018,65,377|5019,282,417|5020,398,456|5021,262,456|5022,123,455|5023,321,495|5024,122,495|5025,233,535|5026,235,572|5027,101,573|5028,283,613|5029,64,613
5030,219,60|5031,58,61|5032,281,101|5033,116,102|5034,321,141|5035,183,139|5036,336,179|5037,210,180|5038,341,218|5039,62,218|5040,103,258|5041,171,297|5042,395,337|5043,166,337|5044,226,377|5045,110,376|5046,328,415|5047,145,414|5048,224,453|5049,320,493|5050,151,492|5051,226,534|5052,335,573|5053,148,572|5054,288,613|5055,63,612
5056,292,63|5057,148,63|5058,320,102|5059,156,102|5060,308,140|5061,108,141|5062,288,182|5063,136,181|5064,220,220|5065,396,260|5066,212,261|5067,399,300|5068,211,302|5069,349,340|5070,153,338|5071,280,377|5072,165,379|5073,397,417|5074,241,417|5075,62,416|5076,114,538|5077,82,577|5078,62,617
5079,354,181|5080,397,221|5081,331,261|5082,62,299|5083,194,377|5084,320,457|5085,92,575|5086,59,614
5087,259,144|5088,249,261|5089,178,339|5090,299,418|5091,316,535|5092,248,574|5093,66,614
5094,184,142|5095,61,301|5096,121,418|5097,135,497|5098,225,576|5099,63,615
5100,245,180|5101,209,260|5102,255,456|5103,123,534|5104,59,614
5105,142,185|5106,299,300|5107,220,381|5108,252,498|5109,256,577|5110,58,617
5111,153,183|5112,199,339|5113,87,420|5114,102,499|5115,61,616
5116,398,142|5117,190,219|5118,323,299|5119,346,338|5120,319,378|5121,149,416|5122,223,495|5123,323,575|5124,396,614|5125,61,613
5126,103,260|5127,398,417|5128,237,576|5129,59,613
5130,345,102|5131,154,144|5132,364,260|5133,397,416|5134,269,496|5135,63,615
5136,195,142|5137,396,300|5138,101,339|5139,307,418|5140,123,495|5141,360,576|5142,60,615
5143,331,99|5144,58,139|5145,298,217|5146,144,258|5147,394,375|5148,276,413|5149,111,492|5150,68,571
5151,77,258|5152,249,337|5153,104,376|5154,139,573|5155,62,612
5156,202,102|5157,397,182|5158,398,260|5159,324,340|5160,125,536|5161,59,613
5162,396,218|5163,59,260|5164,397,414|5165,65,416|5166,78,458|5167,288,534|5168,68,614
5169,191,141|5170,397,219|5171,341,260|5172,224,299|5173,240,337|5174,59,375|5175,182,455|5176,203,495|5177,59,613
5178,351,184|5179,244,261|5180,289,302|5181,273,342|5182,394,459|5183,131,497|5184,80,535|5185,59,614
5186,394,143|5187,60,180|5188,61,258|5189,113,416|5190,345,495|5191,329,535|5192,59,614
5193,147,100|5194,182,178|5195,396,297|5196,257,376|5197,192,453|5198,91,533|5199,64,571
5200,269,142|5201,207,182|5202,106,222|5203,264,299|5204,191,339|5205,287,418|5206,62,456|5207,396,536|5208,62,616
5209,195,102|5210,306,180|5211,128,219|5212,114,259|5213,253,377|5214,203,415|5215,142,494|5216,351,573|5217,64,575
5218,61,218|5219,350,375|5220,359,456|5221,233,572|5222,60,611
5223,223,183|5224,182,261|5225,372,339|5226,104,338|5227,320,418|5228,217,535|5229,59,613
5230,324,182|5231,315,220|5232,82,300|5233,351,417|5234,349,496|5235,138,575|5236,58,615
5237,61,222|5238,161,300|5239,63,419|5240,149,537|5241,64,615
5242,127,141|5243,398,218|5244,177,258|5245,179,298|5246,351,375|5247,397,416|5248,120,415|5249,62,455|5250,298,534|5251,351,573|5252,76,573|5253,60,613
5254,77,60|5255,202,103|5256,62,141|5257,60,181|5258,329,259|5259,60,259|5260,225,337|5261,106,378|5262,87,415|5263,337,496|5264,221,534|5265,254,574|5266,344,614|5267,66,614
5268,331,103|5269,171,144|5270,399,221|5271,61,222|5272,264,340|5273,85,341|5274,273,381|5275,131,382|5276,332,421|5277,214,421|5278,189,460|5279,391,499|5280,219,499|5281,393,539|5282,241,538|5283,63,539|5284,287,577|5285,135,577|5286,215,617|5287,60,617
5288,77,63|5289,345,101|5290,116,100|5291,347,142|5292,231,143|5293,349,182|5294,197,181|5295,347,221|5296,207,220|5297,397,260|5298,270,261|5299,397,299|5300,201,300|5301,342,339|5302,183,338|5303,239,378|5304,291,416|5305,61,417|5306,224,457|5307,95,455|5308,287,495|5309,147,495|5310,166,537|5311,365,574|5312,77,574|5313,60,613
5314,349,105|5315,285,145|5316,118,143|5317,231,183|5318,397,224|5319,311,263|5320,319,302|5321,396,342|5322,225,381|5323,61,380|5324,361,498|5325,287,497|5326,147,497|5327,346,537|5328,169,537|5329,330,577|5330,197,615|5331,57,614
5332,139,59|5333,256,99|5334,398,140|5335,164,139|5336,322,178|5337,61,178|5338,268,218|5339,398,258|5340,398,297|5341,176,298|5342,211,335|5343,398,375|5344,256,375|5345,157,376|5346,58,375|5347,126,414|5348,155,452|5349,397,494|5350,262,494|5351,147,492|5352,397,533|5353,302,534|5354,179,533|5355,252,573|5356,60,572|5357,221,612|5358,60,612
5359,261,62|5360,118,62|5361,331,100|5362,227,100|5363,98,101|5364,231,140|5365,397,179|5366,247,181|5367,58,180|5368,272,218|5369,121,219|5370,264,259|5371,81,258|5372,228,297|5373,395,336|5374,257,337|5375,63,337|5376,234,457|5377,59,457|5378,257,496|5379,164,535|5380,396,575|5381,266,575|5382,175,575|5383,345,616|5384,192,615|5385,61,614
5386,60,62|5387,295,101|5388,167,100|5389,337,142|5390,236,141|5391,133,141|5392,369,181|5393,282,180|5394,132,180|5395,356,221|5396,213,218|5397,116,219|5398,274,258|5399,106,258|5400,332,298|5401,160,298|5402,309,336|5403,135,337|5404,285,377|5405,292,416|5406,58,416|5407,203,455|5408,399,493|5409,204,494|5410,56,494|5411,215,534|5412,366,574|5413,140,574|5414,328,613|5415,58,612
5416,113,65|5417,83,102|5418,63,143|5419,61,183|5420,325,339|5421,124,340|5422,262,377|5423,62,418|5424,175,457|5425,361,496|5426,396,575|5427,234,575|5428,320,614|5429,60,615
5430,235,63|5431,236,103|5432,59,103|5433,286,142|5434,363,182|5435,60,181|5436,221,220|5437,356,260|5438,145,260|5439,319,299|5440,253,340|5441,102,338|5442,350,417|5443,59,417|5444,326,496|5445,363,535|5446,337,575|5447,59,613
5448,366,178|5449,59,178|5450,117,218|5451,219,257|5452,287,297|5453,267,336|5454,335,375|5455,300,414|5456,196,454|5457,163,493|5458,209,531|5459,209,571|5460,62,611
5461,314,105|5462,64,103|5463,115,142|5464,90,183|5465,191,222|5466,220,260|5467,343,301|5468,105,300|5469,105,342|5470,291,417|5471,232,456|5472,268,498|5473,358,537|5474,217,575|5475,63,616
5476,321,141|5477,209,140|5478,397,180|5479,192,179|5480,363,219|5481,119,219|5482,279,259|5483,59,260|5484,107,297|5485,176,337|5486,228,376|5487,60,377|5488,218,417|5489,240,454|5490,181,495|5491,267,534|5492,274,573|5493,396,613|5494,63,614
5495,60,301|5496,327,417|5497,259,417|5498,173,416|5499,61,416|5500,321,456|5501,201,456|5502,106,455|5503,342,495|5504,194,495|5505,55,495|5506,261,535|5507,100,534|5508,354,573|5509,211,573|5510,103,574|5511,293,614|5512,165,613|5513,59,615
5514,311,63|5515,197,62|5516,140,62|5517,396,102|5518,279,101|5519,103,100|5520,313,142|5521,202,139|5522,61,140|5523,314,181|5524,228,180|5525,115,179|5526,361,415|5527,285,416|5528,193,415|5529,81,415|5530,318,455|5531,235,455|5532,397,494|5533,233,494|5534,108,491|5535,338,534|5536,236,534|5537,115,532|5538,321,573|5539,158,573|5540,333,614|5541,181,612|5542,61,611
5543,238,61|5544,396,100|5545,236,101|5546,113,101|5547,159,139|5548,350,179|5549,241,179|5550,136,179|5551,63,219|5552,281,337|5553,115,337|5554,252,375|5555,74,375|5556,247,414|5557,104,415|5558,365,454|5559,268,455|5560,135,455|5561,308,493|5562,226,493|5563,86,494|5564,240,533|5565,59,533|5566,304,572|5567,119,572|5568,319,612|5569,177,612|5570,59,612
5571,277,62|5572,165,62|5573,399,102|5574,298,101|5575,164,100|5576,368,141|5577,240,142|5578,146,140|5579,396,181|5580,244,179|5581,81,180|5582,310,219|5583,191,218|5584,396,260|5585,291,258|5586,165,260|5587,300,298|5588,117,298|5589,265,338|5590,341,377|5591,60,378|5592,114,495|5593,77,533|5594,207,574|5595,318,614|5596,58,612
5597,169,61|5598,258,101|5599,318,141|5600,399,179|5601,183,179|5602,246,218|5603,60,218|5604,62,258|5605,166,297|5606,239,337|5607,59,337|5608,193,376|5609,398,416|5610,397,456|5611,182,455|5612,356,534|5613,78,532|5614,217,573|5615,255,613|5616,59,612
5617,123,62|5618,137,102|5619,78,141|5620,134,180|5621,102,219|5622,60,260|5623,307,380|5624,177,378|5625,59,377|5626,314,418|5627,198,417|5628,91,417|5629,312,459|5630,175,458|5631,396,498|5632,268,498|5633,148,497|5634,398,536|5635,305,536|5636,137,536|5637,326,575|5638,195,575|5639,395,616|5640,225,615|5641,61,613
5642,258,62|5643,110,63|5644,356,102|5645,202,102|5646,62,102|5647,271,140|5648,175,141|5649,213,180|5650,60,182|5651,211,219|5652,356,261|5653,168,260|5654,341,299|5655,207,300|5656,60,297|5657,283,338|5658,123,338|5659,333,378|5660,112,377|5661,286,417|5662,133,417|5663,305,456|5664,167,455|5665,295,495|5666,86,494|5667,288,534|5668,89,535|5669,288,575|5670,60,574|5671,235,614|5672,60,613
5673,316,141|5674,204,142|5675,59,141|5676,314,181|5677,200,181|5678,60,179|5679,316,220|5680,205,221|5681,396,260|5682,264,259|5683,108,258|5684,278,298|5685,121,298|5686,270,338|5687,110,339|5688,358,377|5689,179,378|5690,318,416|5691,128,416|5692,269,457|5693,115,454|5694,366,494|5695,233,494|5696,396,533|5697,259,533|5698,146,534|5699,290,572|5700,121,574|5701,296,613|5702,60,613
5703,293,64|5704,190,64|5705,95,64|5706,358,104|5707,173,103|5708,356,143|5709,326,182|5710,195,223|5711,249,262|5712,62,299|5713,310,419|5714,191,418|5715,59,416|5716,302,459|5717,199,458|5718,59,456|5719,314,497|5720,178,496|5721,60,495|5722,215,536|5723,91,536|5724,293,575|5725,157,575|5726,398,616|5727,246,616|5728,58,616
5729,248,62|5730,104,62|5731,306,103|5732,174,101|5733,71,101|5734,337,141|5735,244,141|5736,109,141|5737,246,180|5738,59,181|5739,213,219|5740,61,219|5741,222,260|5742,60,259|5743,245,298|5744,125,298|5745,333,338|5746,157,338|5747,352,379|5748,183,377|5749,94,377|5750,318,416|5751,154,415|5752,183,455|5753,396,495|5754,138,495|5755,334,535|5756,202,534|5757,397,575|5758,61,571
5759,324,102|5760,205,103|5761,62,102|5762,260,141|5763,155,140|5764,399,182|5765,278,181|5766,142,182|5767,60,181|5768,307,221|5769,212,221|5770,115,220|5771,352,259|5772,240,260|5773,143,258|5774,61,259|5775,253,299|5776,121,298|5777,313,338|5778,198,338|5779,90,337|5780,335,377|5781,197,378|5782,397,416|5783,268,416|5784,122,416|5785,376,456|5786,284,457|5787,189,456|5788,103,455|5789,376,496|5790,236,497|5791,105,494|5792,306,535|5793,211,535|5794,86,534|5795,201,574|5796,398,614|5797,228,613|5798,60,614
5799,289,64|5800,80,65|5801,294,183|5802,149,183|5803,347,223|5804,206,223|5805,395,262|5806,249,263|5807,93,263|5808,286,302|5809,177,301|5810,396,341|5811,259,341|5812,125,340|5813,353,379|5814,186,379|5815,61,381|5816,312,419|5817,187,420|5818,59,420|5819,275,458|5820,91,458|5821,352,498|5822,194,498|5823,398,537|5824,231,537|5825,59,538|5826,315,576|5827,158,576|5828,342,617|5829,59,618
5830,281,143|5831,133,142|5832,347,182|5833,203,181|5834,343,221|5835,99,221|5836,246,260|5837,62,260|5838,264,299|5839,117,300|5840,350,338|5841,220,338|5842,87,338|5843,293,378|5844,168,379|5845,395,418|5846,228,417|5847,397,456|5848,62,456|5849,293,576|5850,60,575|5851,245,614|5852,62,615
5853,330,63|5854,129,62|5855,290,103|5856,150,101|5857,60,102|5858,270,142|5859,112,141|5860,272,181|5861,398,220|5862,161,220|5863,283,260|5864,134,260|5865,265,299|5866,62,300|5867,283,338|5868,195,339|5869,59,337|5870,285,377|5871,117,376|5872,257,417|5873,103,417|5874,139,457|5875,353,495|5876,180,494|5877,237,535|5878,61,534|5879,155,573|5880,257,614|5881,65,614
5882,86,62|5883,285,102|5884,60,103|5885,288,220|5886,154,220|5887,397,259|5888,253,258|5889,105,261|5890,141,299|5891,301,337|5892,109,338|5893,290,377|5894,98,378|5895,332,417|5896,229,416|5897,58,415|5898,284,455|5899,118,456|5900,339,496|5901,199,495|5902,63,495|5903,270,535|5904,122,536|5905,210,573|5906,394,615|5907,221,614|5908,61,615
5909,61,62|5910,270,183|5911,163,181|5912,399,221|5913,252,219|5914,136,221|5915,364,260|5916,126,259|5917,148,298|5918,123,338|5919,310,417|5920,117,456|5921,321,495|5922,188,494|5923,61,495|5924,295,536|5925,198,534|5926,398,576|5927,295,575|5928,111,574|5929,311,614|5930,177,614|5931,59,614
5932,287,140|5933,144,140|5934,399,178|5935,221,179|5936,61,179|5937,295,218|5938,99,218|5939,315,258|5940,204,256|5941,398,296|5942,255,297|5943,90,296|5944,324,336|5945,210,335|5946,61,334|5947,302,376|5948,62,374|5949,278,496|5950,160,496|5951,399,537|5952,258,537|5953,121,537|5954,343,576|5955,106,576|5956,347,616|5957,193,614|5958,62,616
5959,294,61|5960,129,61|5961,315,102|5962,202,101|5963,59,102|5964,238,139|5965,82,141|5966,236,180|5967,62,180|5968,244,298|5969,99,297|5970,352,337|5971,235,336|5972,94,336|5973,261,375|5974,102,377|5975,315,416|5976,208,415|5977,107,415|5978,343,455|5979,236,455|5980,118,454|5981,343,494|5982,228,493|5983,126,493|5984,271,533|5985,84,534|5986,276,573|5987,63,571|5988,233,610|5989,59,612
5990,272,65|5991,59,65|5992,254,104|5993,88,105|5994,351,223|5995,264,221|5996,161,221|5997,58,223|5998,226,262|5999,61,263|6000,301,302|6001,125,302|6002,281,341|6003,141,341|6004,358,381|6005,197,379|6006,357,419|6007,223,419|6008,150,459|6009,187,498|6010,341,538|6011,122,538|6012,276,577|6013,102,576|6014,254,617|6015,62,616
6016,310,103|6017,112,104|6018,250,143|6019,101,144|6020,274,183|6021,59,183|6022,230,223|6023,112,222|6024,284,341|6025,146,340|6026,395,379|6027,219,379|6028,368,417|6029,205,419|6030,395,457|6031,253,458|6032,120,459|6033,339,498|6034,214,497|6035,60,497|6036,339,536|6037,156,537|6038,396,576|6039,262,576|6040,226,614|6041,61,614
6042,179,64|6043,59,64|6044,276,182|6045,168,182|6046,396,222|6047,260,222|6048,117,221|6049,325,260|6050,193,260|6051,341,300|6052,207,300|6053,397,339|6054,248,338|6055,122,339|6056,219,379|6057,201,418|6058,64,418|6059,307,537|6060,202,536|6061,59,536|6062,304,575|6063,170,575|6064,59,576|6065,295,615|6066,157,615|6067,60,615
6068,283,61|6069,109,61|6070,354,101|6071,196,100|6072,59,101|6073,257,139|6074,135,139|6075,355,179|6076,209,179|6077,355,219|6078,171,219|6079,61,221|6080,335,336|6081,218,337|6082,63,335|6083,220,376|6084,350,415|6085,189,415|6086,397,455|6087,232,454|6088,63,454|6089,250,493|6090,64,492|6091,235,613|6092,63,613
6093,291,62|6094,179,62|6095,58,63|6096,302,103|6097,176,102|6098,61,104|6099,301,220|6100,199,221|6101,61,219|6102,201,260|6103,399,299|6104,60,297|6105,253,338|6106,63,338|6107,234,456|6108,86,455|6109,279,495|6110,144,495|6111,328,535|6112,159,534|6113,396,574|6114,245,575|6115,103,576|6116,345,614|6117,167,614|6118,61,614
6119,271,62|6120,139,62|6121,295,102|6122,154,101|6123,59,102|6124,294,141|6125,61,141|6126,253,261|6127,59,261|6128,222,300|6129,254,340|6130,59,340|6131,317,498|6132,113,499|6133,362,538|6134,354,578|6135,59,617
6136,175,100|6137,120,139|6138,59,218|6139,250,339|6140,87,339|6141,314,379|6142,164,378|6143,397,418|6144,126,418|6145,272,457|6146,58,457|6147,280,575|6148,144,575|6149,345,614|6150,219,613|6151,64,615
6152,264,61|6153,123,61|6154,306,101|6155,60,100|6156,244,139|6157,59,140|6158,336,258|6159,242,258|6160,79,258|6161,167,297|6162,276,336|6163,107,336|6164,305,376|6165,140,375|6166,352,416|6167,188,415|6168,98,416|6169,314,534|6170,194,533|6171,77,534|6172,300,573|6173,152,574|6174,57,573|6175,262,613|6176,62,613
6177,339,139|6178,177,139|6179,62,180|6180,237,295|6181,61,294|6182,248,336|6183,62,335|6184,255,374|6185,127,374|6186,325,414|6187,183,415|6188,61,416|6189,123,533|6190,256,573|6191,61,573|6192,233,612|6193,59,611
6194,297,140|6195,395,180|6196,192,180|6197,124,220|6198,191,338|6199,338,376|6200,106,376|6201,304,415|6202,377,455|6203,226,455|6204,79,453|6205,229,573|6206,60,575|6207,147,613
6208,235,139|6209,60,139|6210,224,179|6211,63,178|6212,227,217|6213,62,219|6214,187,336|6215,207,374|6216,120,414|6217,253,532|6218,60,532|6219,246,573|6220,62,574|6221,130,612
6222,291,139|6223,184,140|6224,66,139|6225,138,178|6226,261,298|6227,133,299|6228,283,337|6229,63,337|6230,137,375|6231,237,500|6232,96,500|6233,332,538|6234,104,538|6235,120,579|6236,149,616